2 282 20
3 210 126 137
3 225 264 260
6 62 87 85 188 54 117
2 114 49
2 15 206
3 4 273 3
2 171 298
3 178 160 297
3 28 61 277
2 83 209
2 122 185
2 215 198
3 110 242 96
3 147 145 50
4 164 240 268 33
2 69 213
2 141 17
2 22 16
3 231 285 259
3 173 74 246
4 123 220 118 182
2 157 263
3 94 257 299
3 284 29 204
4 92 18 270 98
3 27 241 224
2 102 180
4 223 45 154 162
2 40 75
4 130 35 275 181
4 278 191 167 103
2 175 250
3 236 73 14
2 6 127
3 165 150 76
4 7 254 151 11
3 158 82 66
2 202 294
3 159 2 89
4 140 53 228 258
5 125 174 25 8 109
6 46 195 230 247 271 186
4 249 279 106 281
4 129 190 166 97
2 71 95
2 99 84
3 203 131 81
3 36 172 5
4 256 77 58 295
3 208 189 1
3 239 296 194
5 65 32 10 212 152
6 119 187 184 57 235 291
2 120 38
2 245 43
4 251 169 135 37
3 267 201 265
3 52 234 34
4 238 39 170 276
3 192 205 128
5 116 199 262 300 149
3 79 42 132
2 161 286
2 197 156
2 266 26
2 56 113
2 243 64
4 183 148 287 134
2 107 168
3 51 48 222
2 86 163
2 13 63
3 193 237 138
3 146 21 261
2 153 24
3 68 19 142
3 91 124 219
2 105 214
4 67 218 47 90
2 60 283
3 200 290 12
3 177 144 226
3 143 133 274
4 269 255 78 115
3 72 248 272
3 101 293 288
2 229 104
3 44 100 211
3 253 280 179
3 216 176 108
3 155 41 227
2 112 217
5 31 23 292 9 196
3 121 111 93
2 289 244
3 252 70 233
4 232 88 80 139
3 30 136 55
3 207 221 59
