3 167 209 206
3 168 241 12
4 34 128 160 272
2 0 59
4 108 26 81 94
2 296 176
3 275 204 30
3 99 281 16
2 216 106
4 41 14 100 208
2 180 120
4 87 191 76 126
4 184 64 61 142
3 164 236 154
3 54 264 69
3 116 124 84
2 85 266
3 110 217 152
2 249 205
3 88 82 141
3 212 182 257
4 72 50 229 2
2 103 70
4 4 222 146 228
4 8 244 46 153
4 7 40 199 181
3 80 255 256
4 134 102 20 211
2 75 215
4 286 36 22 219
3 299 33 49
2 294 119
4 246 221 5 233
2 148 131
4 24 65 6 251
3 162 42 165
5 159 195 280 270 240
3 210 254 10
2 203 83
3 133 73 151
2 62 140
2 259 37
4 220 239 238 9
2 161 223
4 136 163 192 175
4 276 118 115 104
2 127 242
2 13 292
2 260 35
2 92 48
4 58 86 197 77
3 137 295 97
4 193 214 66 43
2 95 289
2 227 11
3 290 250 130
3 218 109 78
3 15 139 189
3 225 284 288
4 56 29 89 183
3 273 235 279
3 150 147 145
2 144 258
4 187 172 202 196
3 74 190 247
3 18 27 143
2 107 101
3 105 23 71
2 171 111
5 263 32 93 51 186
3 38 28 114
2 285 67
4 261 157 31 278
3 267 174 201
3 60 170 132
4 125 269 231 135
2 200 271
4 57 268 237 123
2 63 112
4 198 117 45 252
4 44 122 3 98
4 19 90 17 297
2 156 262
3 129 121 274
2 79 243
3 245 291 265
1 213
3 226 138 149
3 21 287 169
4 166 234 158 155
3 113 177 178
4 53 179 207 1
2 232 185
3 91 253 25
3 224 248 194
2 188 68
3 39 283 52
3 230 282 173
3 277 298 47
3 96 55 293
