124 7025 8880 476 9016 2822 8309 2787 5719 9568 172 1635 9419 2113 6104 3206 7565 3197 2802 7737 7722 9119 5623 7557 9658 5237 7397 6082 7240 1438 8768 5199 9885 9566 9907 4140 4546 6719 5828 6730 3434 1842 3829 1101 1819 9294 2513 5359 1805 8583 4538 9218 9737 9909 2596 6572 7513 7602 3147 7450 3114 970 733 9001 6706 2354 5675 5030 7271 6457 6232 8092 2698 9889 2892 4273 873 1753 6992 4453 4259 1972 8282 7133 388 4321 3100 5301 9929 2025 8715 5567 9120 8777 3210 3069 3198 6863 2858 9396 6538 82 2485 6970 1144 3420 5366 7819 8081 9836 3405 310 2070 173 7229 7385 3623 8173 5304 9400 8174 6063 1801 6870 7488
122 700 2329 182 1823 7981 4560 4237 6048 3428 4069 8301 7569 1767 5985 8839 7065 5014 1044 3960 9227 1057 8334 5702 5912 2784 2768 4026 3224 5113 9961 1616 1762 9103 3678 5568 3673 3692 5777 3287 1699 6071 8741 8326 9052 669 8114 7525 619 4492 7002 1960 4493 7610 5734 617 7173 9292 713 8372 185 7606 8136 3915 7760 7508 3753 3141 5011 7914 435 2826 2907 2112 1837 3446 4664 6596 5447 8060 4805 3989 979 2014 3058 8473 1586 1457 816 9926 2992 4014 6213 3169 2616 4571 2117 4787 8049 7968 6470 5133 664 2472 6704 7181 5441 6752 4930 7223 5633 9305 9185 8873 5756 4576 7726 2364 8756 5587 4740 4622 1525
119 6374 8605 9233 6126 610 9459 8928 500 6351 9790 3422 9482 7896 4736 1425 763 1474 8335 5937 4542 2118 5894 2851 3691 9517 2313 6469 5527 6001 2181 8871 1102 4432 7880 8498 5368 7083 7662 7292 9837 9857 8276 3050 2744 4434 3177 4647 227 4612 3091 7469 2934 7612 2543 2293 1489 5811 1284 4981 7320 2416 5063 6533 849 3257 5963 7289 5570 6600 9814 875 2615 9125 7016 4429 10 6459 7128 3613 1687 3142 8705 1654 1980 7779 8112 806 785 5646 9721 4165 1486 9565 3731 6367 9135 2241 1354 6237 7379 762 4276 4764 8438 2320 8977 5696 8224 6949 6255 5210 4742 7928 8 7369 3833 1448 998 4300
122 5038 2236 3564 1683 5056 5787 1747 128 3828 330 2747 5690 3696 9370 2510 6774 3362 9834 7936 5840 8569 8822 9768 9802 1482 4103 223 2795 2350 1199 378 6761 3703 4633 8169 9727 9910 1114 1904 7785 5619 3787 6506 629 9950 6347 9803 9426 3961 9291 2226 5786 5549 6599 6898 4952 7338 4479 2849 7652 4314 3483 9035 2996 6056 5791 921 8978 7412 6397 7990 4821 5755 87 7254 4724 4931 4561 2130 4619 1673 8505 3424 2426 2989 16 9452 2066 9931 3996 1285 3479 9533 2194 4589 8534 9522 4504 1033 2775 7956 6103 1714 3683 2246 6144 4397 8589 6241 9259 333 3258 1314 5558 7618 8669 7684 1039 6894 5480 8470 9671
126 4132 6811 7548 8680 7422 2371 8791 9169 8497 2982 4584 560 3272 7567 7837 554 4086 7019 6637 316 1867 404 8439 4534 122 7659 9826 2930 6291 7018 5784 5234 6448 6424 4675 8541 3567 9445 1651 7448 3877 9600 1488 3456 835 6219 6371 7766 1336 5868 4690 1352 2023 3423 1251 1889 9457 3728 8697 3632 3503 6289 8290 872 6851 6064 1985 3581 776 3332 5964 636 5796 7935 1287 9677 7203 7210 3219 9988 5651 8021 4431 9964 3865 2671 3854 2609 8677 5874 3898 6025 7893 5827 8672 1445 3509 4590 3668 4152 7349 1324 1618 8045 1131 4668 6518 6936 1306 3878 2581 1040 7883 314 3532 2811 417 8272 8322 9636 2209 9496 1696 4807 1132 9542
126 8728 2893 2475 189 7706 6677 3426 1070 7855 5360 8089 3299 871 7342 7899 1990 9962 7103 2257 3676 3601 7075 6303 9403 4599 5880 4219 5574 6625 2637 9592 6033 92 7645 2204 3099 4693 4995 9866 1814 9801 2369 8854 1502 593 6458 5440 1802 7621 6662 3576 3708 7458 3427 7494 1207 366 45 4648 8352 8062 6067 5353 3603 5605 3965 9314 7537 350 582 8088 7514 8214 76 5716 4256 644 5180 5578 344 6871 7724 2125 920 4692 4573 8557 647 4373 6562 123 4586 3983 5202 5188 1170 1275 9883 4921 9819 8981 3060 8265 1019 3108 3117 4422 5838 5557 6886 6029 8018 4229 2155 1760 429 1629 2053 6440 9945 5730 6770 5968 78 8120 2462
106 2356 1756 3241 1905 8161 8000 4080 7715 2507 2373 7753 9865 9847 2876 591 8575 5423 8328 5714 2798 361 6539 543 1337 1682 3929 5483 2755 4091 6619 8578 4344 1909 710 7826 443 3764 7661 8246 7654 9228 6678 7265 3029 9485 9443 2126 7980 222 6721 7798 5254 6358 8703 6131 5310 3517 5339 8057 2235 405 965 5026 256 428 8646 2585 7781 4944 3042 2588 5166 6476 1435 2304 3204 7478 9062 3184 9965 4077 1361 6808 7033 7372 8834 3276 9319 7113 3988 3562 4018 7032 8727 761 9240 2479 4260 5652 721 7611 3416 4760 7521 7410 5671
118 7788 1891 9117 9428 3860 1691 6571 6252 1937 6257 9622 2865 7241 8564 7713 2164 396 1514 7466 351 5935 9510 1925 4223 8745 7489 5328 7190 2120 9151 3066 1312 7570 1446 4842 4307 6510 7053 6690 5478 3453 3326 1892 5078 3202 9858 1590 2068 2452 2515 2895 2931 9347 6461 25 5115 568 9678 4820 6581 8573 5542 2332 8938 9473 1243 2793 888 8213 9133 8567 3727 5149 9615 5924 6560 9838 1142 9261 4963 229 533 874 5021 393 6516 6986 1876 3722 1180 4233 7927 8359 9663 345 8029 7020 4888 3653 8526 958 2443 4153 8907 7204 9272 477 8600 3721 7125 5818 941 3261 5373 2726 3255 9695 8782
129 9036 6997 3322 1717 1072 1493 1120 7597 8150 4445 2525 4634 1410 9081 3514 8348 8775 4499 8716 315 1475 544 8310 1433 845 354 7217 4189 8201 8963 1898 1827 3217 3397 6231 4974 2215 8442 702 6365 2797 9147 7790 6726 2295 886 9708 1316 3522 503 8662 5283 2861 4401 2560 5966 7718 7216 9321 8548 3376 9933 1642 552 5712 715 7361 9033 2632 2950 6234 8636 1874 3875 3492 4827 4293 4823 7319 7423 8171 6325 3620 103 5729 4503 4971 7490 1552 9507 594 2477 5421 7815 4656 7071 5489 7411 6586 9761 8277 6935 3946 5374 2600 6441 3282 9769 3970 5563 1349 8010 4053 5762 1058 7493 2393 9318 7835 447 9518 585 3583 9559 7118 3642 2991 9810 9754
116 4218 6773 7879 1440 1145 4777 7782 6132 6413 2814 8225 1881 5201 1849 6856 2260 9919 2442 3077 4012 1112 5152 3836 9254 9322 9860 2481 1483 5911 2675 2690 8666 6444 3161 3737 1585 8344 8894 399 5287 5711 5265 603 2055 2220 2402 2180 5770 6718 8364 8061 3306 5119 3027 2987 74 7015 8525 94 9065 6720 2657 2238 5511 9966 8474 708 1589 3669 4494 8131 9447 6038 2007 7552 7574 6183 5394 4623 9820 7126 6028 5867 454 3756 4983 2015 3625 6960 5446 5420 1051 2468 4365 9311 6319 2092 409 3724 4762 5468 1636 9436 1119 3749 7784 4288 4042 7952 2537 2962 9111 8642 8016 9604 1018
113 1547 6327 2174 2712 3740 1067 2374 1681 245 6343 7261 3296 70 5953 2508 4104 2000 7434 9560 1982 3379 1800 6292 3801 6456 7447 8116 4747 5239 263 1026 671 205 3760 4862 4834 7723 2273 2075 8209 9719 7852 9601 5402 2197 4650 2502 2284 6988 2309 7568 3967 4730 2971 575 1644 3643 6069 7721 5161 6584 1195 542 4109 8765 4964 7259 9129 6545 6896 7308 4860 4029 149 1282 209 4832 4674 7523 9069 7676 1965 4174 9491 9693 5358 626 7264 7501 3130 7913 1779 3803 6934 7743 6577 1062 832 3413 5691 8769 6639 5467 7555 3134 531 3612 5343 6593 1661 8881 1074 3681
120 641 269 8158 5271 3782 1702 9075 509 7328 8377 6417 7986 6344 5316 4592 2603 3773 5832 6007 6629 8898 6130 1653 1108 493 1309 451 5869 658 6137 1833 1777 7629 3842 7474 1122 969 9523 6648 590 2465 3639 5150 8725 7400 1297 9499 3544 7374 7950 8119 7535 3421 3159 980 2859 3750 3497 3912 5092 4376 4878 1226 341 5253 9017 8602 7433 2697 3557 4221 3201 4770 2731 4355 1806 2499 9949 8903 3841 9583 1739 5835 853 2208 4550 6353 2228 6408 9196 925 6368 7235 7141 1968 50 1666 5742 1171 935 6613 8260 847 6524 4973 8591 4574 1759 7922 9287 4896 8998 1945 5851 3563 4268 5059 1929 1172 7813
116 2037 6627 2102 8168 9389 9512 5602 6852 6233 9082 85 2473 5089 815 3440 4306 1205 768 678 2497 2269 4297 5409 808 3285 2498 2496 8597 346 7010 2516 1899 414 8504 5233 7427 8707 987 8859 7471 5146 701 6468 448 1454 2621 3113 8843 642 1481 2412 9073 681 3256 4986 1943 9150 198 3979 3811 3102 9975 8581 2362 7863 8356 1343 1795 5470 5176 4898 2514 9682 997 5686 3765 5634 4131 7392 8944 3051 3850 5492 2470 4193 5033 7954 2713 1151 7104 9842 2190 6958 8284 2796 4430 8140 8287 7454 5490 7924 7393 4614 212 7405 7136 7831 2072 2298 3115 5656 7878 2663 5620 9752 7111
131 4526 630 2380 3940 4239 8468 7465 53 2321 9086 3763 5415 6684 2249 6030 3706 2401 6933 66 3457 8006 539 6348 158 563 5556 623 2868 3386 485 6443 4489 1550 6771 8412 7381 6980 904 3729 259 2550 9011 5683 2627 8899 1551 9007 4106 756 3775 6557 4322 5344 7272 6952 3981 8543 8594 5925 6497 1503 3245 9335 3726 2095 6694 8709 3127 2297 9421 1963 9420 661 4227 6790 6380 1169 6260 8969 5007 706 1335 9895 4883 8957 2202 1281 6391 573 1021 3698 8640 5267 352 8041 9525 1704 8198 7677 4892 4670 9378 9479 6309 9870 2093 8180 6738 8993 3747 4348 7834 7786 524 8964 9639 643 6750 3901 7649 786 3098 8746 5340 2695 1543 8507 1741 8559 2574 6660
120 4480 9042 3890 9144 2786 4356 8427 3511 1660 1564 9589 2330 5698 5879 3388 5397 6087 6108 1485 6136 8566 2728 5732 7467 1735 164 9841 6101 8480 2318 67 692 6024 3598 7876 9557 4640 7031 1155 600 1684 2501 4951 9531 7105 2953 4525 6638 7185 5546 5053 2385 5088 4380 1676 8275 4032 2545 8133 9402 2589 2866 6093 1930 1576 7198 9905 6400 698 8515 628 3688 6437 3711 5679 102 5978 1509 9260 4038 9160 6434 1638 6173 1845 8544 948 81 3998 8230 2205 2291 4324 9270 3249 1601 3997 3986 4773 9940 9405 5485 3356 1793 2976 3908 9612 4749 2767 7953 7351 5462 7806 5272 8125 725 4694 2555 5128 929
113 6797 4959 8760 4697 8366 7979 4966 1020 5606 8034 9713 7656 3906 8488 358 3438 8418 265 3336 49 889 465 3317 9114 8693 4182 6040 9598 545 1223 625 9217 905 9812 4112 2684 4007 4180 1596 6307 4074 936 3289 9526 4557 456 6880 2703 5266 3807 4533 4354 9306 7089 2319 60 3277 318 2956 195 2927 5975 6667 5334 8011 576 2935 5413 8722 4768 3346 5261 48 5631 4687 3704 5246 2660 9280 2983 5457 820 1771 2704 6590 7442 5155 1622 2900 6729 3635 2877 276 1230 6415 6270 7814 7228 1512 4572 3236 287 4403 7861 2466 7279 249 843 4790 8307 4019 7152 3455
109 4610 5241 8188 8867 4569 5590 3882 6142 2333 1720 6926 9741 4621 1971 2518 3542 5308 4296 5028 8674 6689 4192 7915 6050 4691 8855 5220 3415 8828 3657 3419 6692 7890 3072 2224 7841 7035 7205 5137 1441 4850 9299 4831 3821 6768 811 9359 6825 4289 1477 1797 4258 839 854 9843 3487 4658 4970 7607 4529 9098 7245 4992 9938 4033 47 1013 5644 7678 2896 4188 6642 3817 4263 3568 7733 6541 7804 6098 1294 1426 3403 1458 7575 5134 6261 207 938 1194 2587 1049 7445 7836 6582 3776 5354 6004 9614 2315 6472 1680 3658 4076 2922 4068 1922 6062 9278 7556
116 6580 8454 9236 833 2300 7546 3513 5736 2448 3638 322 6362 4927 7860 5947 7885 2307 7119 2951 5878 5873 7596 394 7090 6244 2870 51 4894 6895 9475 550 2901 3383 5720 7881 1331 1978 6987 6310 7252 4438 4838 181 8371 7672 3771 4609 3585 3741 2584 4206 2216 2830 2099 4905 4506 9691 9363 9809 2254 9785 2948 3641 328 983 4877 2967 1648 8234 3109 7371 80 8238 304 817 6109 9582 7730 2608 6439 7302 9121 3543 9631 4507 780 4488 8023 3410 8039 7114 2758 5074 3359 6248 6919 6411 624 9520 2030 7532 2565 8242 7000 8872 3561 8607 7310 8621 5747 6372 6322 9570 4198 7821 1113
122 4514 1366 1709 1766 3792 6157 3907 6607 4606 9442 8349 7098 522 771 7783 5438 6431 3636 6225 4097 4485 9540 3624 4839 685 4876 9137 5824 2902 9353 1839 1473 7306 7895 4772 9286 3995 8742 3174 1568 3208 3942 1042 1305 3305 9767 177 2842 1027 4186 6079 5262 6784 877 2821 5735 695 1758 363 3894 1186 8933 2038 6078 3790 4940 277 2137 34 4486 8704 3571 8995 4388 2929 6708 7988 2162 1174 2484 5797 7291 1705 5217 5625 8979 1737 9920 8160 4735 7354 2725 7694 6800 4671 3468 4712 6842 7581 4910 5629 2949 1471 9418 340 9955 3333 5270 5132 6699 922 2239 7280 9466 4851 581 7193 511 6198 7179 580 7604
117 3244 7921 3193 1379 6906 7429 6817 1116 1061 7123 9723 5477 147 3176 6938 8794 1447 7712 6009 325 9776 8247 6782 3475 5016 8296 6012 9778 4037 2397 8994 407 4725 3759 112 3525 4975 3800 6857 1419 7593 7246 8005 3634 1708 5124 5624 9113 6475 4936 9231 667 2706 1356 4515 4495 9554 2065 5973 8897 1828 8401 9997 5799 7194 6111 822 5067 4744 5943 5958 3816 8617 3145 7529 9465 6349 5279 7176 8297 5314 7161 2410 5577 5544 9484 8783 9651 8478 7700 3473 7227 8758 1427 7166 6164 8500 4064 3537 9090 1770 3155 7943 3924 6384 8471 4242 6110 1310 9742 9301 5230 7073 3320 1665 2599 6866
123 321 7005 532 5802 1923 7473 972 9177 6663 9908 9878 9427 2106 595 2803 9251 9208 6864 6592 9775 4301 3926 2158 6874 8684 470 4580 2441 7585 1254 7108 3180 6209 2464 5658 5871 1421 3043 7844 2147 4464 5821 3754 483 8924 1351 9455 3395 7780 4013 2316 4872 7026 3687 4498 1846 7491 9207 5628 2633 8040 1769 3661 7664 8663 5665 6872 8685 4539 3002 968 9453 3347 7709 4027 347 9969 5759 6767 9480 4357 7961 2169 7169 6971 2119 9546 5685 2301 6276 1916 253 8770 8431 8673 4602 2873 4228 1461 3869 2067 335 3682 7230 9161 9611 5884 2912 6645 1232 5930 6610 5534 8080 4284 5614 3535 3308 6744 3044 5676 2749 8479
118 3504 1901 9992 6179 9158 3167 2938 9630 41 521 6849 384 9241 6502 3649 6284 6481 1825 2694 995 3572 2528 4835 6304 7910 8009 5309 8027 1289 9547 7177 7735 6436 2732 5516 7701 7296 8660 5293 8819 9739 442 7418 4543 9879 6978 3223 8090 9780 6057 5003 2166 856 7830 6116 1803 2955 523 1506 7648 19 1557 881 8561 2670 714 569 3036 7116 1330 6280 6196 4922 2748 6124 166 7716 8147 371 4061 8655 2073 4713 176 6878 9354 6412 260 3156 2757 5363 8308 4195 3207 5001 1149 2261 1272 6658 8802 5224 2998 666 8087 9700 8506 8658 7857 6022 5573 3354 6788 989 200 4767 2154 2816 4845
127 5650 27 3956 2088 9575 8862 5540 3411 4066 883 2213 2168 4774 2964 5805 8645 6005 2121 4393 4547 7091 3387 8759 7665 3697 7564 5731 4004 5949 6712 4907 5754 9552 4034 9355 3619 4559 2059 7774 9336 8338 5383 740 7312 3834 1746 240 5550 3823 6483 1066 4841 9994 1107 7383 7066 9179 5227 1166 1612 9376 8698 9999 3556 7579 5129 5100 9871 5910 2378 264 4745 3160 135 6268 4583 6569 2428 7559 7615 7550 6904 1959 9216 6769 2875 4062 615 5753 9978 1224 8883 7667 7298 444 652 7268 4049 377 233 5565 4095 9152 1879 206 5547 6943 1979 1703 703 4673 1908 7408 1060 9357 1657 4490 654 3844 712 3128 1413 8805 9417 3991 9006 8795
132 2534 6836 8179 8071 9912 3157 4791 8856 1672 4520 3090 9173 8037 5508 8156 6042 1409 5929 1463 604 9917 837 5192 7403 7995 1221 6000 382 9528 4269 6230 7877 3812 659 3690 3609 9886 5865 146 7736 3380 5532 1156 3840 5280 3732 5635 9792 7993 6482 5017 8494 5079 8400 5844 6318 487 3855 8920 9469 4536 8283 4199 2760 7209 8900 4626 2770 9972 7237 9584 5939 4359 4216 7752 2824 8075 3481 9646 7714 1242 29 742 7749 838 8414 5579 8929 3367 3947 2336 5701 3053 3597 4073 3081 1476 7208 8943 193 213 3340 3068 4211 4994 4914 7303 3214 1364 6467 6445 4802 1240 720 6435 4327 7533 1776 5345 1650 942 6914 1326 306 1989 3120 151 2720 3057 627 3088 6556
131 1861 4727 7175 9661 107 1322 8182 4731 4209 6513 8469 3330 9091 9132 5830 9749 5533 3746 8428 6602 5662 7770 6421 1303 5264 8262 5604 3920 4875 7719 8817 8408 75 5996 7887 1244 6804 162 143 7057 8590 5944 7930 464 2463 2437 5022 2846 7321 1375 9591 4155 7231 5418 502 4386 2057 6396 8464 4143 2430 4895 8905 7854 9855 285 5185 7064 5854 3213 836 9586 5807 475 6488 2642 8302 3016 438 5445 4317 7727 6900 8482 2077 6977 9249 2386 6286 2677 934 6387 221 3858 4793 3365 8692 8734 2398 9704 559 1938 3969 6395 3530 4919 5632 8738 8983 5125 1531 5222 6406 7996 2804 7962 3680 3144 7439 7404 5774 3587 7658 9112 3932 5177 202 741 5187 4119 1510
133 9300 3717 2916 2829 7326 5052 8764 3893 574 6302 6158 1470 1729 5496 8463 7591 1671 7461 9715 2582 4663 4505 9652 7710 5398 7382 6749 1532 22 5722 2538 1907 1933 8481 9545 2889 1277 7856 2094 5019 4683 1563 8736 988 8888 9602 1519 9331 8436 7356 2762 5932 2644 7504 7500 637 5482 7864 178 6573 9032 2624 9198 8104 2709 567 9597 6398 4852 1887 7496 4173 5514 7671 9255 1513 2028 3447 9788 9041 3259 2506 1383 5823 3839 4581 6044 6182 6494 9211 6306 807 7553 4900 5765 8857 7389 676 3232 5144 5356 6833 7527 3045 7200 7637 1376 2734 1495 110 4646 1451 620 646 9423 5721 6218 8915 8330 863 5593 1443 5515 7898 2198 4953 9165 5285 390 1520 508 8453 5252
113 9954 167 1712 3569 494 7942 7332 3283 7905 8593 4925 3024 9225 4122 1688 2299 7214 8398 430 6813 8157 8285 9383 1035 2573 3179 3889 9527 9705 226 7220 2815 7741 4302 4428 217 6707 4395 7984 8767 5946 9060 150 9939 6077 2643 2782 8556 7464 5209 1022 9250 1976 2567 5395 3959 3472 6957 6492 2572 3815 2391 862 1927 9222 2647 2491 840 638 6128 2505 2280 8175 6972 5157 4618 613 2478 7206 8319 4241 5315 2084 7067 7842 6 4676 1273 4248 8671 8325 7182 2575 8910 5987 4108 9080 7495 171 2937 527 281 994 7794 338 6487 6160 2681 3252 4523 3334 261 4715
132 1385 4133 1176 3450 4549 7366 3040 5122 3238 6535 9956 1743 1571 3502 2165 2569 8465 3442 1577 5615 2678 5672 7476 2492 3105 243 4057 6873 2817 3762 6197 2252 6326 4637 7957 9556 6843 9783 1581 2568 8523 6287 6242 8127 4721 1192 9668 4578 7668 1507 4158 9377 9683 1203 1751 6885 8035 9076 4710 165 6636 9959 3106 5046 9349 4653 2848 7315 5858 670 236 8911 1740 1257 1664 7971 5198 3480 2087 7623 7675 2211 6630 4056 1592 8901 6559 1125 4804 4098 4460 4797 8812 5608 8553 564 5075 3337 3086 1667 1710 953 9449 1138 2071 7260 918 1459 297 7044 8810 3300 3293 7117 2689 7657 2789 275 6939 7058 289 2054 8392 267 8624 1700 578 7549 1073 7765 8149 3549
116 3103 6449 8974 4015 7051 803 5713 6563 3905 8437 2602 7707 5739 4236 8193 52 8972 6169 6829 3528 467 3240 689 376 9688 3247 9360 4030 1859 4185 1140 4200 2878 565 3200 4044 848 9201 2349 8973 9372 1247 7074 111 383 2986 7587 9634 323 7992 4468 2013 5954 587 8369 6091 1501 8896 8823 842 7183 1055 8558 4473 974 3338 9095 5027 4399 6532 5507 4101 5037 4210 8545 6401 4254 3852 5097 2352 1264 2752 1003 6176 2340 6791 6812 7472 2457 7122 8864 8495 8223 2152 4412 743 8417 4701 192 1854 2407 7484 5554 5121 4116 4840 7603 614 5426 9050 910 2203 2959 3313 3384 4435
107 7482 1086 4949 7045 3654 413 1444 5582 6495 3239 7222 9796 6060 3519 6716 1357 5761 9906 718 966 2942 3599 2831 5898 4680 6828 6583 7670 7832 9187 9852 588 3353 3987 2639 879 8667 5403 4183 2335 9163 392 1561 1886 408 4960 6447 4387 1851 8208 1197 7966 89 1856 100 9230 8216 6805 2089 3799 5622 711 1649 7543 1955 2292 1997 3552 3243 6741 5502 5555 6922 4976 9690 2651 9116 4993 9868 3496 8422 8546 7536 9315 3037 5297 4124 7362 7226 946 1974 6226 1964 5560 5050 1615 2531 4272 7149 466 422 142 9448 4956 8426 8818 1871
126 2923 3486 3011 5099 6779 665 8458 5580 4313 2939 3553 31 1345 6879 1093 7870 2305 4917 504 7333 8159 9952 1399 6081 7038 7180 5416 1620 5877 903 4705 1332 7344 977 5044 2020 9735 7499 3211 3083 2809 7868 4000 1466 9266 3579 3076 1686 8688 2145 4753 9781 6240 4856 577 812 9832 6346 2840 4466 5640 2598 6786 5281 4682 9876 5776 5859 5116 1952 1768 356 4752 4703 4418 8815 4969 4184 9694 1405 7132 6668 890 7407 24 7636 4452 6023 8381 8774 1150 4138 1617 8653 4415 9613 6273 6418 8289 5569 717 3237 1695 8430 7617 7653 9097 1135 5965 4031 379 294 2482 9740 9184 6798 9817 2227 9628 736 3278 7391 4700 1415 6223 9541
129 7036 7639 2779 7340 1371 514 9351 4123 3226 912 2187 3766 3714 8628 8934 9916 7547 2612 8434 7951 273 8291 8355 4411 2359 5889 6912 5699 5535 9303 9763 6621 3962 4655 7884 1000 214 2098 9922 8740 8700 8093 9501 7395 571 3512 138 5330 6955 4252 6609 5890 7249 2607 3464 3887 9647 1183 8321 1472 5846 9709 362 2417 1958 7239 3818 2628 6504 8186 5296 402 4363 2 121 4232 2626 8410 2177 1602 697 6714 8050 9101 2348 4861 9638 1158 6908 374 749 2669 9397 2255 2724 8008 331 3628 8853 3190 4070 7155 4078 5986 4096 5170 5682 8914 7908 1893 4118 2434 2666 3521 7148 4240 6149 727 5654 9537 1640 518 2730 5806 1645 2127 431 9692 6489
128 39 8919 8750 8357 5733 4562 7963 8365 7336 9316 9844 2343 3891 6765 4810 5164 5499 5850 4170 3874 5494 7202 1177 4279 7744 850 4416 5384 7620 6430 1173 3863 2915 3329 5669 6002 355 9386 9430 1081 449 3399 5381 3888 6460 2327 3118 6835 616 6019 4046 6511 6147 9328 2685 6106 507 9439 3686 8024 3004 1749 5306 2593 1913 8701 93 4595 5979 425 5208 3586 7960 8882 5618 6742 4643 7023 3401 2773 6491 1418 4308 7705 8345 3500 1858 1572 1369 8299 9574 432 6405 99 6192 9107 8200 5258 7088 4737 844 6891 9288 830 6204 8625 2806 6887 2656 4163 8889 2337 2157 4510 9936 460 985 6410 4094 3835 1998 4406 3616 2413 6191 4945 7669 672
111 1159 36 9649 757 4912 6839 3268 8665 3685 5045 4169 5936 6679 9779 8848 688 8320 2233 4958 9431 6140 3930 4325 9644 8826 4277 6245 7213 5452 6913 7221 4266 9619 3605 7959 7931 2592 6070 3665 5379 5834 326 1677 8073 6432 1229 2043 7143 3928 6369 56 370 1807 5922 179 8163 1115 5667 8032 9753 6433 1378 1252 9675 6815 2836 2322 6145 9989 4092 9793 4467 6937 8031 7874 6200 5286 6066 8711 7178 5430 9944 1249 6010 6094 5455 2033 4251 2672 6376 8827 433 2454 1078 2136 722 6201 4212 5600 813 891 3524 2394 8952 5780 5853 9435 8266 5444 1398 3430
125 9108 6927 4961 9869 5541 6521 7802 1813 3360 1988 8459 6507 3248 8083 4135 3939 6148 8632 6575 266 5488 5076 5903 831 1970 8132 1006 4696 5852 4776 2182 4729 3824 3515 520 3220 9009 5341 1504 1340 6274 5857 1439 4040 7034 3291 4147 1716 4093 9807 1579 5204 1752 6982 6263 9337 9911 5933 3895 7192 8635 7253 2199 1820 1750 4616 1328 2529 3751 8595 3712 9384 2618 3309 9167 9726 6674 5998 4806 7187 4997 2310 1097 2946 746 2965 1781 5004 1010 68 8445 9784 6034 1327 2085 2716 6199 2467 9921 6940 1480 7811 9669 3971 3170 9476 9650 5694 1292 9744 2351 1193 2841 3404 7688 611 7144 9002 7358 1198 1947 2278 2156 3701 7685
121 148 9623 6294 6672 5407 1153 8178 3230 8710 5006 8912 3627 3325 5207 8374 9506 4149 8370 2140 4009 6576 9343 1843 3183 5833 1162 6099 3374 237 3033 6425 1818 1896 1490 6820 5990 9246 6181 2623 3477 3137 6777 9413 8721 4117 6985 6595 1346 9395 3372 9028 7997 6837 8766 6615 5010 8866 5724 906 1491 5193 908 1090 5800 3896 6746 6565 2634 4463 2384 7542 234 114 6282 8379 6159 7129 3339 1123 7999 584 8529 8025 5855 9087 8268 829 3321 2342 7313 180 7608 8682 9269 2296 6316 424 7912 821 5372 894 5058 9043 4444 9148 5484 1283 6552 9172 9039 2519 546 599 5866 2979 6092 7415 992 5520 7978 2308
124 9422 1951 787 2445 6635 4924 3484 9815 4084 8946 6509 6736 5090 4689 1059 6737 4698 793 1701 5169 4990 818 9054 4100 6832 224 8837 1262 8835 4948 6951 3054 6251 5015 2495 2191 6305 3149 8976 5183 5856 9451 2288 4384 9071 8196 4111 4596 1211 6008 8588 3407 2995 8579 8387 6810 4669 9258 4126 3349 7643 9971 4808 8487 4050 1238 7680 1559 4291 1175 1498 4613 7030 3288 2847 3463 1091 134 5410 802 8130 6564 152 8664 7087 6275 1077 5610 5135 9835 7387 2812 3870 1456 3039 9734 1809 9176 2590 8841 9104 1866 7970 9714 1993 1146 2420 4481 1050 7518 8499 4577 1914 3570 7054 5156 8804 5951 5991 4243 2984 4890 7746 1812
128 9191 8986 8239 2872 9053 2693 9745 4891 673 7751 8124 3270 7013 1100 1037 650 5983 2664 7011 9514 1796 4864 7681 2705 1295 9980 2683 9008 3862 5071 1706 6929 8592 4484 6534 7046 170 8038 6858 2311 8551 6021 7771 6211 7522 7232 5167 3412 8077 2021 336 4404 9558 3260 132 7139 5757 8951 9958 9189 9532 5162 7873 868 9162 6884 2244 9823 5572 5061 7916 8752 7059 4304 8956 2124 3819 6258 3707 7081 8065 8620 6392 9063 5244 8650 2453 2595 3490 6778 7462 8985 8970 2854 5788 6693 8940 2012 145 4750 6117 7865 8395 7444 3527 2018 1089 2578 3935 7691 2286 1084 5377 682 6381 9618 3867 8126 9271 8376 7769 4803 4709 538 9786 930 3344 6120
122 7796 1202 2069 6088 4151 1430 3000 6037 2917 3122 3966 6129 8091 3488 7729 3166 2104 5018 1007 4654 8323 1139 5976 3845 4051 2389 1953 1962 2185 704 4748 459 35 1178 3046 2961 7839 308 766 5080 2673 6366 7084 6330 5454 3783 6409 747 1733 516 2363 4285 8984 1840 5335 9346 6027 7809 778 9679 2219 1924 7251 2274 2091 8661 5817 4934 9760 4369 8190 187 4575 9587 1942 841 1184 199 2563 2808 5275 8046 329 4443 6845 7174 1412 3335 4955 1544 3795 3093 9263 2230 2511 6172 5992 999 4667 4903 1792 679 4225 8570 9998 668 8840 1233 1999 4075 5451 9573 5450 3390 8098 3233 5214 8241 3132 4984 2864 5350
123 9935 6529 5182 8609 2143 7162 2717 2395 3466 3917 6239 3107 7792 739 7165 439 657 9974 6661 8517 8649 3621 307 1008 4469 5449 6180 7566 3861 1096 3666 9603 9327 3903 3804 8148 2338 2009 6785 8303 1068 4159 7360 6086 452 4023 3659 8960 9932 9369 8616 6995 1460 4661 5469 9750 5693 1372 2076 5900 3710 9025 7958 5792 8257 9904 4979 9197 6983 8909 5752 1311 8206 3725 6429 9444 2662 8657 800 2973 5957 9494 7255 7014 3389 1738 4087 8100 6819 3547 3534 7463 7800 901 2272 6052 2011 2134 4761 8831 9609 791 6591 4371 3018 9155 8786 6031 9304 3164 9202 6537 7871 3173 1393 6246 8388 2459 9777 484 6220 8118 3644
125 5822 1853 2852 4587 7080 1276 8796 4005 8737 2614 3302 4889 9385 5601 570 549 4879 1402 2248 3495 7795 9991 290 8378 7317 4041 8304 3590 5491 5263 8485 9295 5023 7287 216 235 6764 5196 5708 9138 6594 2601 3235 7078 1570 9031 6288 1724 3738 6018 3715 2539 1373 880 7613 7624 7850 3158 9888 9686 4067 5414 6928 5043 9492 1045 5864 5054 2665 387 1643 7666 4801 2765 7346 8167 7282 4528 1511 3323 5999 4292 5793 301 7201 5284 8611 9181 1239 5885 1772 137 4726 9594 8879 2218 3140 5962 2282 5479 6501 2353 360 3779 981 6612 6766 2714 9020 8731 7160 201 5504 9696 2160 4708 5475 2791 6840 9736 5369 5073 7949 2668 513
121 6996 5346 2022 6775 4631 7647 2323 5745 3943 8712 9368 5636 7396 4139 7157 5785 9106 7189 8421 3251 1826 7745 4332 2306 7281 8637 2711 866 9079 9290 9174 4246 5464 5031 108 1732 6855 8281 598 1085 2346 3664 7238 7353 4350 3705 8696 5460 9324 5404 5926 6162 2542 1259 4370 9411 4758 1317 1588 4262 6634 9915 6522 6341 9674 1939 3744 5916 9718 1725 7926 3582 5945 2648 551 2813 9509 4815 7327 6889 2400 4685 2044 2957 2056 9957 5055 3131 4688 5250 9092 8162 2146 6420 1652 4741 2580 7816 5401 1384 2963 8189 6076 8429 4458 1380 2370 4377 2017 5302 6163 8343 1921 7944 1404 4857 1392 1333 2110 7510 4171
117 7693 5842 1659 6861 8053 2897 3953 8210 5172 6966 4865 7283 1604 7538 7191 8584 2003 8874 6614 6523 4928 684 9596 2344 9297 4385 606 3151 9896 7619 9755 7140 490 3827 8798 2051 3770 5917 3734 6450 9434 7250 1321 5429 1932 7285 8293 9504 7263 1478 4826 3049 6899 7001 7402 2461 4603 6655 471 5950 3491 8294 6558 2708 183 6981 9238 3595 5422 5700 2427 9833 2372 5969 6965 7092 1567 8633 4620 7069 7892 9325 7517 5392 6520 8906 3813 4855 1227 1500 5008 5300 5325 5760 7789 1718 7150 9023 1967 7293 2279 4226 9976 6047 2828 8187 3227 5585 7100 9005 927 8870 9164 696 5591 9946 4281
121 1449 7096 1099 7598 119 1734 1736 5091 7977 9953 3538 9553 4400 9350 9712 3994 2294 9689 8730 7307 3768 1698 6841 5862 3175 8318 6755 1560 2810 5545 369 5232 3009 9942 5218 9373 7578 1452 2431 5902 1670 655 4409 5321 246 7438 5276 9057 8113 4082 859 8228 5024 7586 3660 3974 8876 2774 1110 4706 5728 2571 232 3470 9462 6585 2138 3331 5327 3853 5251 6382 6189 2999 58 4530 9641 2243 7562 7655 8194 7269 2432 8411 8729 8604 1934 7507 8066 1663 4496 9195 2334 7738 5101 7754 8123 4491 8849 5393 9629 5189 6314 2940 6235 5980 7314 441 1080 4722 4058 6932 9123 72 190 8013 2123 2562 1163 5013 5526
121 8656 6331 9894 6311 4846 8659 5114 2880 8702 8306 8587 2512 9127 7055 4988 1847 3573 2753 6644 2358 1723 553 7820 5931 7767 4716 6715 373 7399 9221 4320 1403 403 2974 154 2289 7325 8925 5536 9748 795 7305 7512 2636 2268 4886 254 6006 4366 5621 3062 8927 2975 3694 9341 4844 5583 5175 6543 6793 2736 4858 5528 4848 5311 3462 3531 3539 8259 4048 8047 3474 8017 3485 2988 1626 3417 2763 8012 1569 7101 8419 9220 1054 9410 2894 4641 1674 2926 6762 2052 2579 6011 6216 3414 1344 707 3028 3879 8502 3806 2050 6549 3825 4427 9672 9648 8248 1087 7234 6834 3146 858 3451 2549 9242 1764 699 3021 774 9141
127 4552 4208 3195 4398 5611 2489 4472 865 7099 5442 8154 1936 902 2390 7759 9412 9047 3820 5839 809 1692 789 7021 1188 3123 9521 9329 7588 8237 9416 6722 4447 558 1165 231 1882 8568 9845 9276 4179 5062 7787 5411 6074 3541 2676 9320 3135 1883 8249 1386 1260 5908 3437 247 6479 8139 1002 5706 2105 7717 6683 3138 6186 8122 7918 592 9310 9487 3067 4166 2696 4843 7127 3020 4788 5668 491 8937 5649 2440 3203 8015 3663 6747 9064 3745 2114 2844 5779 6649 1946 1994 6478 5518 3743 3838 6498 8913 6207 9795 1697 6601 6753 5466 6803 876 2591 2679 4362 7634 5375 9440 7082 5809 8610 9180 7822 2606 8231 3307 6962 2577 1995 4720 2331 8550
115 7534 5298 9379 4511 548 9262 7168 7697 990 4649 7998 292 8475 8220 2834 4601 3469 4016 5378 5197 5680 3366 3328 6423 5913 5703 8836 8724 5102 2116 8733 9004 9438 7334 1785 3096 861 6776 7151 9026 5537 8851 794 6195 5960 8555 7085 526 7817 1442 4487 9012 3032 8790 302 5273 928 4521 1935 3719 674 7121 6194 3476 4746 5035 3225 4425 1630 4884 1832 1821 2655 106 7079 9226 6477 2078 2540 4718 7757 1083 4372 6127 7925 3949 5529 4446 9156 1566 3385 4405 9659 8514 1969 8832 996 3078 5674 2258 8440 7524 5428 9968 8524 46 6490 4789 515 9308 2745 4763 4294 8713 7164
109 5231 7368 6512 8676 4156 5342 8630 534 7184 1614 6890 878 348 5351 8007 4904 7773 8681 2061 6090 3368 3010 790 4110 824 656 4280 9730 9873 9358 1992 2888 6751 3778 5268 7505 6267 2605 1628 5725 1817 4775 2970 1774 960 5439 9927 6503 6942 1455 1940 3757 8001 8788 1208 5738 365 4329 9209 1949 3019 9732 6553 5324 9 8181 2360 1141 6264 9432 4874 9827 5995 6393 6831 6125 5269 3559 9799 9277 1875 2688 4168 2396 9122 9317 8885 1167 4830 6247 6427 5105 4379 9867 3849 9056 1780 4837 5400 5072 589 9887 1553 5746 6394 4822 9205 6903 8908
118 3312 3290 8980 8824 9590 9213 2739 8726 2978 6526 2034 4723 5863 4204 3548 9134 2944 9223 9307 3073 4178 7345 9406 6517 6014 2101 9716 9620 6390 3506 6212 3648 3092 8999 7095 5065 2699 8792 9948 3392 8540 3963 3675 1032 5159 2936 2653 6426 1468 8288 5255 2777 6320 7487 3936 8134 6419 7247 8886 9010 9934 6388 8327 732 2082 7376 7531 2032 2883 9153 3318 1436 6146 1655 9061 9765 6998 241 4088 6364 5138 2266 6161 1662 7630 1382 8177 2619 3604 1296 3266 2265 7810 7233 1299 1834 3671 2392 6271 7748 9664 8531 6356 7195 7526 1065 3637 767 367 6329 1860 6138 9074 7062 8192 391 8353 3070
118 6827 1679 8455 9203 6107 6823 1154 496 7451 9657 2503 4081 4167 3558 9027 9170 6359 9563 6453 4465 7791 8217 8261 5109 8064 1104 5681 7742 7350 8051 4298 5487 9362 2276 9489 1957 4020 2141 5437 8373 9000 8059 7224 5627 8647 9030 8106 3904 91 61 6550 1775 529 1606 2741 8183 8232 5525 3112 1920 9273 6279 385 1300 9461 7047 8489 8501 5165 251 1810 2650 8639 4336 1213 9508 2150 1884 8020 8443 7284 2096 3465 3222 2303 5245 4382 1668 9757 3292 4421 5928 6474 5519 5938 6969 8577 380 427 9702 8648 9190 2487 6206 474 8107 5362 9215 2881 2195 1518 4600 3952 1835 2997 6806 9728 5804
125 6665 4245 7012 2287 1362 4309 5972 1822 5538 5767 8988 6892 3791 434 2583 5581 6375 2314 753 8608 9923 6561 299 7762 5069 1271 556 8763 7452 9516 95 3802 2175 6618 622 9265 1293 3315 1594 7679 9460 1124 3911 9854 9019 9794 8652 1288 5390 9293 1693 2778 5626 1408 8383 501 1954 8718 8137 8732 1583 4734 7186 3189 7651 2423 5243 9977 3162 562 7941 7812 5096 8739 2049 9984 9088 9084 9941 4524 6624 1363 3830 7348 9340 5295 3355 2855 2850 2691 4437 283 6990 5984 7903 7137 6946 5513 2551 1603 6015 4630 3545 3094 9787 9309 6814 5288 5299 3370 6881 6964 8461 2247 8486 9472 3187 4738 2548 937 4230 1200 945 5812 64
118 693 4127 1279 4531 1487 7043 6313 2474 6604 3921 3611 7563 3212 9853 7256 8586 9880 3298 320 1685 5843 5586 8341 3253 415 6567 1025 9850 1258 8155 9577 3194 1047 1981 5521 8560 760 3580 7576 1782 6566 9538 1931 6155 8936 157 9219 5289 6653 1137 4887 8176 2924 3063 2361 5396 3848 1919 3761 5040 478 3899 8833 7544 4275 7086 3005 4518 6187 1092 2735 4150 6403 1157 6950 536 1950 120 4999 770 3565 20 9828 2625 1888 1598 488 5057 5068 4853 5664 1191 5942 1841 2439 468 7218 2586 8687 1788 9040 4194 462 7891 288 6328 6924 7515 4449 7146 9662 6848 7470 1727 5741 9914 7660 101
128 4413 8772 7097 445 9245 3080 5886 5000 2002 8218 7704 1017 819 3246 105 1103 2283 882 3139 1844 5909 4765 5596 4554 8878 4083 9720 2819 4594 1808 2570 4261 3916 8528 9918 6133 38 2317 6243 5915 7987 2721 1143 6464 3082 4935 7435 956 3052 597 5543 8916 8990 3229 5751 5710 8644 9751 9960 3294 7609 9902 4755 1613 9364 7171 7459 8513 8771 8111 5748 3672 8252 9085 6818 5531 6626 3314 8085 6897 788 4639 3264 4440 9497 8941 1763 4477 8222 6016 9013 6046 280 2367 258 7262 8117 991 1118 7029 1009 1956 9070 7650 782 7426 3038 9477 4714 898 9313 8538 3677 6907 6701 2131 5923 4947 686 5829 4918 3085 7625 5740 9617 5763 9096 9279
120 5064 6555 7420 7359 3785 8097 9605 9145 9808 6337 1726 9539 954 7807 933 2494 479 2411 3007 6352 8884 6799 11 5326 7042 8842 7300 9743 9884 1209 8351 1467 440 6697 1388 1016 4459 1637 2264 7906 5388 7755 9706 2404 1580 9204 5387 2285 2290 6546 4265 547 2968 9632 5476 5160 5561 2253 7818 1290 4287 7147 5882 5305 9474 4782 4396 3784 8510 4299 1582 8026 7457 7115 7642 9877 9773 7687 2500 2103 1263 4071 8542 6389 2324 3797 4920 7375 9192 944 4483 9338 2867 4998 9607 1266 2977 2444 870 6740 9333 9105 561 825 7847 8816 3059 1862 4954 2733 5961 5684 9470 805 4548 950 1721 5434 7627 8367
112 5200 3089 4972 9697 5313 8532 9237 7076 2433 271 6953 4343 7599 5897 8904 971 9109 4190 8631 4985 8699 7940 583 5673 5768 9670 3342 3281 2769 6339 4161 5906 4047 9581 7592 7920 1479 6102 5888 1830 3523 1128 5294 2186 4699 2530 8991 6796 5361 9481 6910 5607 4794 8695 3350 9500 3022 5371 6732 719 2554 2172 9979 2879 6020 5141 473 455 2325 9264 4754 6542 3441 6402 7480 420 2222 8269 3927 5737 8809 6909 7725 6531 2403 4813 4181 1554 9143 3993 7275 7172 1877 6463 6084 343 7357 7772 6471 2960 7110 5875 7530 8151 3064 9973 3600 7158 635 2229 3006 857
122 7506 2954 1377 1761 7976 9993 3948 6654 1046 4719 7409 389 5110 1069 9585 2794 3228 2480 9253 2838 2223 1071 1189 7869 7573 2535 1484 4636 3872 6236 1533 7929 8694 8191 9797 3084 1786 1787 9676 5782 4085 4337 8820 5660 7274 3968 5895 6217 8432 2132 3129 9655 1043 3805 7964 23 6758 5692 9724 9381 96 1210 5355 1755 9067 9610 6336 1675 8536 7696 6166 8202 3656 5616 5495 4800 5034 228 8530 2835 6830 4512 3733 1094 3918 2594 3856 8962 1339 2207 6968 3608 6266 71 4436 8435 1095 1464 8949 6190 1730 4063 1106 1575 1880 6877 9772 3152 8614 6500 8863 9656 5795 4361 8613 7803 2281 1609 144 3221 3310 6035
120 203 7824 9951 1505 9881 40 3087 5790 7497 7511 3934 9791 4759 5891 2357 2700 6354 8058 1117 4629 2766 4238 3702 4829 3101 1911 6442 8084 9529 5002 7734 4162 962 9015 2898 272 8813 3498 1301 9789 1584 6816 7401 4471 8948 6422 5907 7994 3461 9825 8549 6838 8838 5887 2523 5453 9334 4965 9667 3377 5967 4342 4134 7324 1416 7343 3720 7440 6822 940 3886 9851 1915 2833 5236 5836 8623 1212 8094 7437 3280 4717 6947 1255 3262 6414 2435 9414 931 368 2920 6265 579 2355 984 8235 2027 8785 8165 4909 1320 3501 5901 9267 3121 244 2556 9483 5386 5705 450 8606 2451 6323 9561 2438 6954 1267 7740 612
117 5896 5256 8997 8331 4394 8917 2764 6865 4072 4414 5112 3199 5181 1634 7329 1225 6568 8199 6039 1359 8512 8250 6711 9897 3343 5319 6772 2509 2376 3950 3900 7311 9770 7967 2062 3876 1515 3755 8576 353 1912 4778 9393 300 6801 8552 6295 3892 5769 1147 3945 309 9045 2780 8384 3341 62 7258 1396 1237 6748 4010 3560 2042 3606 6170 5136 6728 257 4968 3075 769 6165 7394 5551 7441 1434 8153 8902 1868 3406 4608 8102 7985 7711 8068 7318 8800 4022 6222 7797 913 4833 4929 6139 4711 9654 5772 621 6540 2919 723 4871 131 230 7663 3 8409 3364 5190 436 899 3168 2063 8476 5726 1088
128 2564 401 9115 5589 2256 3055 6862 4346 8518 5312 6739 9640 9550 1048 7720 486 7862 1873 7731 3074 9094 9805 6548 3748 2552 4025 6547 3363 4868 4836 6051 5226 8861 5758 2887 3125 4938 6578 1977 9627 2163 2913 3209 7632 9987 2161 3851 30 9390 9404 609 1918 3265 7196 3786 8450 3001 1347 4987 2109 6115 9759 1838 716 3914 3150 9051 1621 982 7801 5094 7330 4328 7919 5994 8761 2415 1420 1526 1689 5139 4423 1983 5727 7039 8887 4598 6807 9456 357 6916 6171 4055 7692 8773 4902 2781 9642 1903 764 3976 4991 961 6519 3832 5107 8931 1497 6686 4809 852 7003 3124 8720 4501 5203 8274 492 9193 5810 4003 2436 4781 5613 4946 9154 5981 5641
121 3857 77 1631 1038 6363 4926 3369 324 5505 9130 7872 7107 705 8315 7747 3955 2910 3735 4196 2783 6685 5249 8251 6792 7889 3351 2863 6733 8184 2196 8537 4391 7373 472 5260 5042 169 8245 186 5081 9059 608 8337 1234 6003 2108 7628 9382 7904 596 3615 4267 3418 1524 9044 8966 4497 9463 5486 915 7424 5322 7558 2980 17 7545 1215 3990 2823 3536 4582 2176 8014 2122 6809 5831 9229 3630 6657 9543 211 6055 7134 7932 900 3884 2994 2805 5927 9846 4941 3436 2200 7380 1179 5562 1265 8472 8375 9891 8845 9606 855 4333 5471 4282 9928 1005 140 1863 1453 7698 851 6723 8493 5424 3048 8271 2667 6920 2263
111 7616 9593 9996 5530 218 3958 8350 9348 3866 6377 291 43 8466 5816 4733 2192 8654 662 1789 986 1711 9701 5213 4102 3941 9283 219 5539 2001 572 7520 1219 7037 6113 1593 1783 2658 4368 5512 1530 1678 9555 5049 9756 2079 9943 6597 634 726 7933 3301 1246 911 909 8099 8048 2947 8079 6324 1313 9937 6570 7419 262 1607 773 6383 3061 8735 6917 1865 4454 9037 8467 648 54 6493 2486 1075 663 9118 197 278 3650 9284 566 5764 8923 8781 1599 9175 7432 4129 7614 1804 4 3788 7068 738 9544 6480 6174 864 7901 1217 2990 2557 2687 9872 5259 4819
119 7750 3398 3647 1508 2414 2064 4502 8629 6202 5277 4247 5077 6193 9821 8253 959 8852 3448 2383 1417 4825 7777 9829 8121 4967 7266 6370 319 885 2617 7923 6527 5151 4142 3304 4867 4407 7674 9800 6203 8336 8965 6702 4213 3662 8019 7644 8801 3373 5153 4338 8135 4707 6673 5920 9408 8243 1870 4662 8254 8638 9128 426 6883 3178 7894 8069 7973 4214 1713 9178 4556 8778 2941 313 517 2604 5952 423 5307 5678 6589 1338 8996 2080 5084 9078 1728 8797 6043 4234 2237 2201 2547 6994 4351 3242 4375 9375 8033 3982 6860 4527 687 5126 5749 3104 993 8095 9710 8363 5191 9729 7695 7946 4607 8890 846 6588
125 6606 2759 6428 3192 5820 3231 6085 8690 7072 2270 1190 4381 6893 8346 3772 5883 1895 6114 4345 709 1315 8808 2952 4611 6781 1790 4347 752 8263 8869 6361 3736 2188 7120 3646 1355 675 4378 9068 9330 7449 2856 605 1214 284 4244 2597 9875 1286 4201 364 9782 2750 2818 4545 2312 2419 5120 469 4089 2742 1126 2801 6617 8404 4901 8953 5860 1794 3393 4235 4624 2170 2086 4113 5242 115 1360 4915 5032 4535 4818 7106 9637 8036 9725 3931 3015 9903 5432 9243 9990 5510 1056 8719 8456 7159 5813 3324 4908 3973 7390 248 7297 7582 9371 5841 9100 8004 6360 7859 1986 3822 7270 1494 4625 4340 6228 8714 2365 1414 4231 3274 3610 5688
117 8286 4570 295 1023 6068 601 239 3937 4660 7689 519 9131 5095 2251 5029 4455 884 2019 15 3789 7364 2966 2347 2074 3017 9391 270 3250 4786 1573 6293 1136 4222 1537 8743 7309 9684 9840 9703 9511 8385 2839 887 2368 2640 7509 4795 1540 5566 7775 5959 5837 9326 1015 381 9924 775 3831 1004 6656 3116 7248 2520 3172 4390 6013 1784 9366 9188 7347 9394 9490 1528 4659 7048 2718 2148 1545 3871 8618 9345 3837 5005 8954 3880 3742 3897 9257 2048 2911 5522 7827 1406 1647 8389 8451 4402 2133 8407 6150 7541 1298 168 8044 5971 3769 5186 5870 4002 6121 3843 4323 4796 7290 5718 4420 729
105 8342 5123 7805 6754 2891 6095 9524 6961 8386 8945 3216 4859 5154 4257 4177 6089 6664 126 7498 5274 6991 21 9244 5783 5982 4591 6466 4771 8821 8219 339 6205 9352 5412 8596 2010 8402 9247 3111 8078 7793 5408 9505 9495 1872 9498 8580 2641 118 8358 6551 1595 3215 2024 410 1944 4880 3065 3546 7955 88 9077 2827 6272 5389 4374 5509 6643 252 8424 6989 6795 86 3730 7974 4932 8233 9478 1228 6484 7215 9018 4249 2638 2424 602 296 3992 7690 1397 5238 8574 8799 4157 7708 5247 400 6256 5083 7829 4743 6123 2541 4897 9758
118 7843 2807 8634 5405 4555 6253 5118 5048 9454 9437 4757 4331 2326 7040 4364 4105 5173 453 1625 6184 3529 6587 7833 2943 5419 6357 4475 2081 3607 4916 9380 1133 4885 3471 4024 2221 411 2981 4215 3883 3284 4780 3439 9624 2635 3516 4882 2738 8110 5098 1348 8339 225 2800 6867 2425 1556 2740 156 8332 6100 6802 8229 1591 1076 1274 4739 4784 90 1011 8987 5815 4644 3972 5380 6901 3375 737 2857 1587 5948 8226 1 4849 8329 7278 9687 386 7561 8585 8554 2723 7094 5318 7219 3143 2217 6975 9302 5382 3629 7456 3286 1365 2399 2561 8935 1029 8717 4079 7102 8968 6017 6710 2184 6224 461 6647
115 9214 1222 2345 4893 4677 3008 3826 1948 9681 116 4672 5609 8145 3361 1722 141 4054 8959 437 7377 823 1890 1745 1744 4128 8305 1748 3713 6083 5637 3433 4567 104 1906 8509 4433 3031 5082 7646 7163 5143 5661 1370 2825 9415 9818 9029 7022 3467 6826 8490 1218 305 6379 279 303 9424 8055 2553 949 9892 8264 4943 7867 6787 6454 3555 1742 5845 327 1991 892 7584 9206 2387 9626 5317 4597 2418 4957 9822 9139 2231 3847 7846 5893 7460 3295 8314 2178 9182 8316 6734 3689 1542 3793 7365 2302 3271 421 4881 9519 9548 748 2262 4144 4316 5291 4632 9913 3153 5595 963 6944 3505
123 7446 3526 9168 4923 7641 7414 498 9493 9048 4704 4605 914 4220 8313 8622 9774 8503 9356 683 4824 2884 7188 4478 9816 9746 7142 5385 6462 924 8748 9513 4937 3508 2792 5876 4305 196 7853 649 4702 8757 5814 6757 7683 951 8205 7007 6054 4164 5108 5333 6868 6931 9142 6112 2945 4980 6185 2845 5750 8860 83 7845 6700 2004 7453 973 9232 1307 6925 7972 9633 6315 9140 9282 6045 9849 5216 481 506 3684 5194 3985 6455 242 7156 3035 4666 6759 3358 8166 10000 5206 2820 1536 4353 8753 1318 8425 7516 9882 7686 6530 9224 4751 7982 7388 3859 9621 6948 3400 5892 4021 2882 7468 1028 406 1064 932 8939 2142 7828 9034
123 4816 3185 3910 5391 730 3394 6611 2903 4695 8947 6283 6622 9332 1578 9995 4906 9450 9893 926 4792 9572 755 8651 1437 3034 1429 4028 8683 4341 6525 4854 6073 1431 7580 7207 1185 130 8086 947 5717 9813 7008 3279 4686 1204 155 4319 2212 4532 3814 9595 6743 5212 1469 4065 6623 1961 1182 2722 5282 9409 57 9925 4638 5677 6956 9665 1428 9072 9171 3602 4035 3425 1196 3577 3594 3592 3679 2016 1597 3047 9515 540 5473 9367 1407 9839 4977 4678 5956 555 4474 9342 499 4645 7858 4604 4828 44 8522 2245 9874 3723 1523 6756 8865 5643 161 1917 3357 6499 8793 5323 458 3507 8850 5041 4145 4448 8141 2918 4681 8932
118 5127 6554 8362 3460 4989 6888 1031 5179 5553 1928 9898 395 5653 9535 7477 9890 59 1422 7866 7838 5332 4441 7851 6404 2908 2707 8868 2490 5337 6373 2646 9625 9248 2674 2193 6438 9530 5436 8643 4389 512 4684 4873 8565 759 8105 2756 8324 5205 3445 8204 5744 1041 7436 1836 4461 5771 3311 2483 1646 4205 777 5036 4052 9578 3014 136 2339 5599 6335 750 8415 8074 6608 8563 6945 3079 7485 7848 3670 9762 8108 1269 6709 32 2405 1611 8142 2422 8603 3381 2772 9564 3902 7301 1329 3540 8312 6473 6603 6118 2885 1235 5778 7631 7 3273 975 6875 2532 3589 4551 7633 7384 7170 8144 8626 5575
110 6301 3566 5448 6214 4207 7413 3575 7197 5060 2171 9848 9446 4352 8508 9471 9124 2654 3119 5348 645 5051 6869 133 2680 6853 4500 9275 7378 5899 1261 416 5848 2377 4250 1231 2128 6930 1996 18 5670 5365 5798 9281 6652 4036 3693 8627 6386 6259 5861 153 1291 191 2871 5919 2153 1319 5240 1206 2754 4847 694 7145 2450 3254 772 13 3154 2905 5215 6269 7138 3435 6065 8043 5427 7776 6227 9387 6846 4417 9635 5070 6338 5229 5598 3655 7009 4899 4043 4120 8803 9806 8244 2366 6317 2100 1111 4439 4933 8539 3864 2388 6682 6297 3964 7406 1053 6072 3316
117 9698 8070 6844 1707 7875 5195 4310 4769 8678 5647 6675 6281 5766 1987 8776 6780 9576 9824 210 5290 2715 3133 690 7739 8054 9599 28 9747 4462 6298 2785 3922 9982 541 3944 6633 7756 9831 724 317 9296 5697 4203 3378 1201 8496 1216 8172 4090 6544 7386 2039 2476 1492 7589 1535 6789 3578 9983 9551 2993 6515 9468 1815 633 7703 9738 8598 7288 967 2449 781 9901 6640 8875 2107 3452 9645 3409 9388 3489 7560 6465 744 3431 5941 3695 1852 7945 8236 4950 2046 4160 7626 1121 1850 9285 3327 6308 9166 8789 5819 4814 2060 3574 2040 6735 7124 1250 535 3163 2504 5500 9608 9549 7425 9569
117 5617 2890 3097 5228 84 7479 5639 6485 6278 2921 2701 9022 5465 9183 7682 7294 5904 8280 7443 5225 4146 6105 282 1885 1325 9374 6486 5292 952 1424 1082 1014 6277 8922 6119 359 9771 2526 5826 4326 3348 943 8708 8830 8382 5921 250 7093 4942 3651 215 2115 6632 6505 1181 79 5997 7352 8675 7130 3071 2843 7286 4442 5145 5584 3003 5666 1253 7900 9717 9970 7907 4008 2275 5503 2533 5174 1534 867 7236 3458 5501 2455 5918 3454 6451 2097 7398 8918 9653 1400 7577 5970 2790 3297 6514 3165 9731 7273 2232 8723 2083 7455 9666 3267 2447 3977 1350 7911 7991 6763 4045 334 3026 6713 5940
116 8519 8858 5433 7483 7060 3617 3777 3478 4766 4627 1831 3984 1731 6902 5905 5988 3352 7888 3909 5320 3618 6355 7109 7063 6221 8444 607 8396 1894 1798 2925 1401 677 8679 8955 9981 7902 2234 4107 2536 8762 2566 3796 1395 3774 8420 8240 5235 2729 1168 5399 860 6053 9234 349 6911 8340 6783 3975 3633 6156 8582 9467 9365 2381 5934 3758 6345 6598 4099 7367 4863 109 3999 9588 4187 5163 5456 5376 5347 907 2214 6296 7728 7244 4544 8691 8441 1368 3263 6285 7430 6049 6579 5219 2429 8195 6122 418 8115 4278 8221 5657 4652 7761 1973 6340 3181 3136 505 5872 8361 784 1374 8295 6446
113 5695 4426 7242 8403 9580 1390 5493 1910 1030 5594 2645 4563 9433 7257 163 2682 3499 834 5147 4367 4519 8807 4224 893 7004 6676 8484 7341 3938 9804 412 4537 9210 8212 8300 6299 7764 8612 7601 1341 6210 5158 7502 7948 337 6616 1522 2737 765 798 6671 4911 2041 2727 5638 398 1765 9407 8391 9066 1148 9323 9194 7041 8368 1129 5974 1394 9099 268 897 4553 1098 5481 1690 3957 3885 3095 8311 618 7768 731 8751 9021 6688 5211 4982 4271 6290 5689 4913 6178 5663 6698 5131 9212 6059 1161 2408 5184 9930 7975 7947 1236 7605 8255 9058 5106 8138 1632 5357 4121 754
124 5955 5803 7571 9643 8082 4564 5781 6918 9312 1164 6979 6496 2522 9963 7077 1984 3186 4811 3196 7337 7135 4148 6650 827 3752 1517 653 5463 5278 6332 651 457 5597 1791 8483 3810 7917 3319 2788 1897 6321 9458 5431 2090 4642 274 6959 6300 1268 1548 8278 1829 7673 4651 1623 6333 783 8146 4451 5459 1641 8028 489 127 2271 8668 7323 1308 1619 9699 6334 7211 2837 734 7056 1799 69 5087 6923 5497 3148 2036 1391 5111 2661 33 1529 1878 5025 238 4349 5743 5723 3593 8354 6984 4137 5329 8744 632 1610 98 2277 3402 8394 5458 3025 3614 8056 6760 3846 869 1539 2933 5349 4176 801 814 1627 4011 9093 9289 631 916
115 8670 2259 7638 3913 4312 8942 8686 3030 7277 9186 42 2240 7965 2613 2409 9562 5548 9239 4383 7153 3631 7295 26 3925 7475 6717 9680 8022 4665 2771 8448 1966 497 9536 8641 510 3110 978 3699 8360 2111 8689 6967 1342 2139 3923 5142 4565 2149 2853 5085 4392 3739 4756 8164 1941 3275 342 8042 3188 9502 7635 8101 779 2928 5989 2456 896 2008 4130 6061 3781 2652 5472 799 1496 1600 5117 9830 6175 3371 8096 129 6168 976 9856 9200 9149 8460 1562 125 7939 6249 5336 6824 4516 6847 7027 6651 796 5773 8197 9766 537 1824 9764 3041 8950 4728 2521 8333 660 5370 6915 1624
122 728 4628 4274 2611 5425 758 6188 3700 6628 5552 63 2458 1757 8143 8921 9862 139 2189 5524 1754 6208 73 1975 7416 3718 804 255 6026 6905 5523 5993 372 293 2932 7112 2610 1367 3443 7267 1669 6378 4060 8152 5517 3218 1152 2471 3429 3596 7840 2250 6666 6850 9685 7732 4115 4450 1694 8267 7763 6921 8511 5461 964 7897 8492 2031 8877 174 5012 2159 9863 6416 5435 8003 2517 6152 6731 4253 4779 1656 826 4408 7049 3674 3767 2860 8992 3951 2776 7331 2904 1256 4197 7339 2129 1719 680 9268 6075 6167 6254 2886 8103 97 3510 1241 4141 37 5571 5564 8491 6574 1639 1304 7539 7758 2267 4334 1245 7481 6745
116 4360 1034 2558 8076 2544 5406 1432 2379 4939 2173 2869 7061 3622 8447 4001 6641 1555 1130 6876 528 8449 5687 1773 9425 5808 2488 1381 2686 7131 7370 2832 2058 6143 797 2460 4617 5338 6974 298 7937 2710 1574 4419 3396 6238 5303 159 6859 9401 9157 9083 9298 8256 5257 8533 5248 5914 8601 1521 5352 6097 3171 7540 5881 8619 3588 6659 9235 9967 7989 2649 5066 5704 9003 525 9429 5130 3382 9055 8298 1715 8516 1270 4513 8779 2206 175 5086 1816 4635 923 9571 1465 3716 3432 7934 6153 4482 828 4191 955 3518 919 7886 3482 2906 4540 7316 1450 7225 113 7428 9199 4059 8989 1220
118 8215 4476 8273 8002 9947 6882 9046 4615 8547 1633 3978 8063 7595 463 7849 3533 8562 1278 7702 3345 9579 7808 7017 2985 2047 9398 208 8749 1605 9660 5707 9985 3591 1036 640 4172 6041 7304 639 2179 8599 1869 1134 4339 6680 495 4593 7699 9361 8982 4962 9899 1857 5331 3881 8452 3205 4978 4783 3056 4330 7594 2719 2743 1538 3667 6993 7882 4996 557 7417 1546 2493 6705 3652 9256 2972 2382 5367 8317 5104 3798 419 9707 7322 5103 530 8930 7969 6215 751 8571 8527 2406 9503 8892 6399 1063 9102 4017 2630 1558 9344 1811 2751 2469 5642 9722 8893 8380 6154 4588 4517 311 184 810 9126 8446
118 4457 939 332 7167 1549 2659 9038 792 4125 5221 7199 6976 3640 745 4114 124 6695 4303 1323 2006 3809 1105 5171 220 8109 9673 286 5178 4866 1864 7799 7363 5715 5648 9252 1900 7212 8967 586 5603 8390 8895 9861 4175 8520 8747 5498 1516 895 2210 8406 1926 8052 4255 117 9567 7583 8423 8975 9798 8572 8292 4585 8258 480 1052 6687 6821 1423 3873 6941 6794 4799 8067 1527 8170 735 2527 1248 1855 917 9339 2969 6096 8405 3808 3584 8846 1541 4798 7519 2746 6703 1109 4541 8787 8347 8926 7335 9864 8477 6151 2761 7825 9488 4456 2151 1462 6631 7503 6724 6696 3933 194 2421 5592 3013 8844
