26 7905 3309 4083 263 8294 7646 8585 4369 5016 5754 5771 4322 5757 2240 2212 2657 5875 4084 4911 9923 1495 9247 710 1262 4410 1479
23 2344 125 1388 5260 1117 9094 6640 4183 9399 2796 916 2264 7622 6174 771 7087 6206 3550 9656 6985 3189 2916 8242
34 5318 8876 9823 217 9604 4904 8516 7415 8659 8908 9858 5847 7185 9826 1959 2253 3893 350 7997 5877 3745 43 5822 5663 1474 7030 8043 1213 8420 977 8683 8849 3640 6077
25 6364 5880 4077 1791 8884 5053 9666 8840 915 4677 6344 5479 3182 2482 9966 3859 4417 7001 6041 558 612 5724 5641 1985 567
29 5865 5420 8051 2227 2861 9069 8917 504 7054 3092 6033 8283 6267 1733 5295 8164 9261 4596 7392 1327 9312 4915 9635 6003 3367 1423 6967 4496 5787
19 2694 8440 7418 9212 7028 8458 6023 5550 1879 9795 5084 3799 2678 5579 2371 4653 1207 5576 87
20 1481 9436 7408 8065 7114 1441 1849 4382 3311 8304 8826 4520 9255 1270 597 7406 322 654 4378 7414
21 3906 813 9056 7388 4515 6558 562 9987 6510 2545 7302 8661 624 9461 8957 993 2510 4494 6113 5613 2446
27 6463 5922 3417 1533 8611 2827 9856 1173 2791 2235 6798 7440 8154 421 415 5334 1775 5391 1888 4862 1864 1008 7334 7103 3148 2668 8984
23 40 1445 5221 4207 1720 3119 8382 3902 7176 5704 8442 1250 3921 7571 3176 3316 3645 3449 2496 8478 1785 8556 5650
17 8039 2175 1069 1193 4812 3248 5394 1169 5121 8119 127 8753 5903 5945 1868 5534 6545
25 6831 267 746 571 6329 3414 1059 7689 8810 3996 7982 5676 8720 5955 7105 7232 7233 8210 9513 3009 7446 2735 8172 5444 498
25 5438 8501 9439 918 31 2112 2484 1975 7972 8469 756 9221 6428 6153 4486 7500 460 2353 9560 2427 1098 4956 6914 2837 2266
17 8161 66 8162 8554 4362 4679 3871 8148 1466 6885 7569 9388 7245 6815 4504 1378 3565
33 6549 4114 2687 9311 5120 5144 3496 6870 6336 5147 141 7152 3955 722 5030 7770 6100 2819 6988 6750 2601 4388 7431 4163 2409 7575 4804 2846 1796 4273 9760 4062 8910
31 9625 8537 1266 5591 2514 3947 5543 2394 8525 2286 9661 6669 6829 1593 7318 2744 2216 1010 3339 2990 5155 8624 3566 531 3591 1740 6201 9888 5434 7120 5249
30 6582 2716 6304 4386 208 3480 2639 2799 4230 3853 744 7986 235 5835 7438 9499 9335 7812 9587 4760 2691 8421 647 7912 3818 3349 1631 9130 6895 3531
25 8240 5942 1188 2752 5142 4565 7351 998 8215 5401 4196 6189 6217 9852 1675 5363 3115 1228 8893 6896 483 7097 9796 7669 3933
32 1722 2255 3806 5085 9981 233 8406 3873 3474 1121 2013 5414 4798 1689 9042 6442 8354 1223 3523 4310 675 6004 5577 1887 446 9496 5772 6823 5410 7214 5027 5713
31 929 9111 6705 8019 6567 4583 8306 3373 9895 3439 6441 3572 3323 7405 4112 7171 6519 2788 6005 3297 6064 4757 1052 2437 6785 3794 4898 5991 8158 480 6425
31 5427 8363 7874 6909 5150 2997 9730 6556 950 6893 9340 2126 629 8751 2887 8217 3901 9365 1367 5924 2604 643 5842 8490 7381 7369 5888 6237 6240 5944 6079
33 4925 6924 3897 7529 2470 5230 9535 5962 6121 1296 7017 7566 5204 9327 9473 2442 6614 5046 3586 5114 7224 2686 143 6093 2488 1690 5382 7034 9 8744 4011 7736 7115
35 8722 5996 9969 6448 4676 3086 1790 6109 7221 7696 343 4181 9074 1545 4132 3423 1048 854 8801 6706 3113 8055 6458 7638 5536 5819 1231 1572 4710 4380 7288 1841 7345 4108 4326
22 4088 3662 3245 8178 9301 3444 8128 837 368 5207 9756 5582 1843 2008 6400 630 2181 4607 9911 2815 8558 3530
24 9445 1293 548 6078 4976 134 3624 3997 9426 8268 5690 6091 2133 5496 1370 7850 3145 3529 903 812 568 4124 6159 7989
32 135 4518 9331 35 2420 5216 2004 9668 4509 1907 7427 5449 9303 3689 8976 560 7551 618 4328 4702 1836 2858 878 1524 8266 6164 223 7167 9177 5117 5881 8631
22 4533 1966 2275 3429 7651 265 509 3777 7307 9357 6632 6535 2952 4721 9681 3005 2327 6256 3870 9602 6713 5243
29 1072 5553 2180 2283 7169 894 4579 1812 5934 9095 4459 5049 9353 9961 5158 7304 6296 3855 1574 2259 9489 1793 8990 1903 6819 6102 6328 395 9122
22 5626 6445 5196 8897 4277 8953 4005 3340 7645 9932 4457 1438 3601 9252 5360 7203 4878 3067 65 4339 8383 720
22 3963 9567 1265 732 196 6563 7855 3016 1157 3653 8276 7298 5480 6173 8102 7043 2689 9068 6302 8278 874 3974
20 130 1852 7599 6620 3286 8639 4948 8559 414 2348 1660 7765 8008 6395 8968 2955 9113 5035 2544 3884
29 8668 320 1471 7673 6383 7492 1585 6797 7604 6374 3588 9297 8811 1534 2195 1151 6508 9830 2736 1333 116 1522 6788 5214 9046 5597 5441 201 8434
30 699 6007 4290 8670 236 4893 4264 4758 4923 3241 715 3232 6555 6249 2247 3479 1475 9409 5018 8435 3161 4614 3567 1795 7246 3280 2124 9446 1603 5831
23 3878 9401 4544 4462 7943 353 6618 2489 9254 3704 9500 5058 2631 3121 229 1822 2742 9013 660 2539 6116 7356 8641
25 614 9367 8593 8466 9723 7919 5130 5074 2813 9765 7724 8350 9381 5365 760 354 8140 3558 8951 5184 1374 8368 4719 6382 6209
31 5680 6954 5209 193 2802 2206 3045 6776 6415 8489 7854 3708 5939 3765 9913 7160 7433 1246 1621 8981 7907 6707 4154 9211 7556 7083 492 3334 4100 5714 298
20 3257 8592 5386 7636 1458 8149 5024 16 7349 3227 793 2551 5743 1112 9605 4959 9586 9736 3089 355
16 3626 5710 4664 7962 4524 8656 2070 9855 334 8381 3585 6824 1643 1115 380 5372
32 1189 8824 321 3535 8806 7772 9077 6251 491 3934 6489 5486 2278 3493 6969 3460 7119 3787 2789 1956 92 9321 4921 5412 4642 7934 4350 1288 5812 3826 9092 8533
28 8750 4903 7398 1787 3685 6565 6833 516 3072 9190 4080 7561 2630 5568 7059 5371 2739 4385 6199 875 3299 424 5505 8936 4373 1289 4165 9290
33 2123 619 3539 9380 8541 7589 7590 682 1568 4199 4729 5303 3932 2374 7494 2986 2209 5056 4078 1334 4345 9477 1501 4209 5409 4557 4828 9792 8748 1642 9780 8941 953
34 104 755 9214 53 1854 348 2730 6936 2150 5833 2852 8453 4736 8495 7920 6072 9716 222 1190 2923 2513 7359 3427 1626 3917 5246 8186 2191 2246 803 1116 2279 3108 9701
29 5453 1469 9227 5373 7532 4622 6792 5195 4855 5913 5329 5658 5253 408 5737 4824 884 8960 4527 4260 9646 8025 8459 5826 9525 701 3670 7734 1103
25 2960 6198 7576 6522 8462 9278 1972 3718 3003 13 9191 5007 3219 6451 6721 9197 870 9076 4051 6715 7518 7613 9816 9737 1680
25 5261 73 6485 1417 2310 5415 2651 2758 7859 2304 6158 363 4891 956 5604 3327 7496 3590 6925 9292 1342 8454 1554 3553 5563
26 4648 4534 8830 4013 9990 9842 1946 6260 5763 3783 3259 1814 6185 776 1575 650 2777 4507 6850 8524 7411 2584 9875 623 6736 3694
19 3164 8027 8967 7895 2695 3304 5111 3895 1446 2319 2362 7964 2406 4763 5820 3561 9160 6423 440
24 2864 7007 866 1514 2557 1037 7303 9366 4006 9649 8570 8143 4161 5076 8296 6942 3152 3881 1647 579 7649 5702 7347 7445
34 2262 2805 6971 8962 8808 6589 5428 1604 3772 2176 6507 3430 6738 1061 2451 3028 3845 9170 461 6854 2881 958 7277 8099 3543 4895 5728 4707 6862 3100 4850 5687 2547 8821
18 7206 7498 3508 9510 6325 4947 3651 1086 9415 3862 7642 7616 1668 829 5319 4287 3399 8001
25 172 1592 2770 1579 5457 6627 576 1452 3390 2265 8865 4612 6547 2556 2494 1924 5025 989 337 846 478 4405 4718 4670 1345
29 5073 3388 3082 1539 3408 2245 6723 5124 7479 6915 9502 2814 9024 8111 8792 6986 5119 520 1252 7118 731 5352 3387 1197 1006 5226 8100 3381 7749
27 2083 6923 2591 5185 2269 3683 5538 3356 9773 1892 3537 1174 387 604 7379 2453 2043 8112 9886 1831 4279 1122 6045 7325 5761 1111 4016
34 4943 9779 4740 8988 6807 91 2750 802 271 6163 3887 8359 5029 8160 2504 5145 38 7777 4711 5015 3941 544 7753 9939 2459 1938 9873 9089 5348 6655 2464 3680 8652 2938
26 6182 7374 7726 7574 6919 9116 513 8635 7739 9205 665 7148 5128 3081 4365 3442 7218 4372 1202 5625 3335 2036 2300 2338 9284 4693
33 6103 7898 2098 4620 4519 5824 4962 2343 2500 8394 9455 891 7121 3861 9623 7299 8544 6223 3312 6799 4403 5213 3824 6822 779 5229 7429 8393 4432 6042 8387 5602 9717
28 2273 8604 3146 5285 3243 9416 7295 3102 1613 6600 3627 4111 9728 9746 6254 3501 2040 2224 3036 1850 8331 608 9364 6968 5629 6739 8022 9622
29 5620 8447 5321 7899 4420 1217 8684 3643 39 8037 1426 4624 9675 1518 6482 6058 5083 393 6696 9699 6772 6405 7490 316 8422 4399 990 7661 8185
23 8245 6461 5423 2967 2307 4371 4597 8507 1109 5139 3506 7159 6566 8717 4931 5583 9167 6048 6784 5498 7256 5190 4942
28 2345 693 1054 5269 4283 3333 5748 830 9272 290 1595 3307 601 7911 8896 3118 3076 2074 4058 9233 3990 1248 2248 317 6248 5829 610 5655
36 3174 743 8814 8326 2214 7597 4741 6849 7822 7428 1857 8357 6110 3471 6178 9839 9644 7192 2975 659 1874 2002 3404 9358 5954 5703 5861 274 5313 5021 8373 5359 8536 7181 7605 1039
35 5482 974 7122 3726 6177 2751 9742 7248 9097 1337 1753 6293 2477 6471 8121 7473 6928 3817 8542 7554 4034 923 9591 6495 5087 1316 3425 920 1066 4553 6580 4546 9596 876 329
22 8746 704 7314 5806 2588 9101 1517 3674 4193 7360 653 622 7592 394 2284 9521 7952 5342 3779 1161 6421 9897
20 8768 1292 1168 1549 8497 7615 1989 4784 2956 8341 175 789 9034 9577 8875 844 5643 8316 1176 3342
23 947 4061 1923 7672 3719 5677 2277 192 8002 3790 2898 4401 407 833 5694 5170 5649 3303 4491 4968 2804 1964 4071
33 2979 3978 4998 8201 8346 51 5967 6327 4180 4654 5404 6348 1418 227 5005 3717 9216 1002 1208 842 7468 5670 9667 7470 2305 4625 686 6431 2516 1364 9688 4106 3344
34 4885 5093 2647 6692 6220 2030 992 197 6230 9125 7424 2808 680 1842 1827 7112 6501 784 9169 8614 7979 5212 6340 9260 3668 5733 9964 2784 9810 8637 4187 5286 8446 2163
34 4164 780 9725 6729 6437 4635 8142 728 5735 8456 2093 6315 4363 9768 7782 4349 5450 6977 8097 7296 1588 1387 1273 8225 210 1948 9234 6355 2577 2104 1866 1259 5108 6295
19 4461 9012 9811 7281 4875 7681 3789 6324 5560 7078 927 9270 7817 6070 1894 9945 6725 815 7483
23 7799 1218 6740 5693 5716 7247 6 7910 5353 2973 7204 9949 5736 3667 2418 3440 9745 7000 1622 5379 5726 1493 2334
33 9968 6933 4458 9481 6514 2673 4236 549 914 901 2311 6786 1467 8386 3949 3206 4443 921 5857 3623 4393 2993 3926 7637 1860 3172 6022 9629 1304 8053 3428 2060 6332
15 4341 8654 9575 7421 3568 1421 8760 4813 4150 6469 1473 5887 2590 4364 3937
26 7502 1945 3019 8529 3823 9245 2869 2780 1803 6728 2458 6436 8777 5911 9063 1153 2234 2823 4253 6245 5777 3453 3106 2474 7781 6052
26 3140 3412 7756 3071 3800 7100 1133 6884 788 4073 8829 470 652 4368 1083 6497 6604 6307 2509 9293 17 7839 7918 242 8408 9484
32 939 1258 7700 3520 7611 7423 3914 9893 7485 3502 9691 8169 8921 8137 3124 3946 7092 1716 5867 9523 2616 9703 9106 6341 2292 1960 169 8370 8473 5504 9242 2220
19 3488 6857 593 9347 7948 7670 7969 7201 209 9223 4065 8379 2313 6272 9419 7422 5832 937 4085
24 6496 4431 3155 9483 2542 8236 6771 6214 3519 6216 5610 7978 2720 2387 1863 3532 6259 153 8942 4883 5699 2221 3292 823
25 7395 4853 6865 6983 6034 8906 7973 8573 6820 3986 8280 1646 7891 2674 2281 7447 3091 429 4291 7632 938 9465 8539 3073 7960
23 5665 3014 6427 5590 6688 7775 9677 195 9427 7074 1537 2962 8374 3630 1007 700 484 6368 6960 4480 9865 8038 8770
13 1434 5383 9654 7326 3907 2315 6349 2521 1411 2412 1284 2381 244
33 1935 969 9959 9328 6839 2448 5123 2165 7107 2810 4739 2878 3244 4001 8365 2125 8064 9618 1571 4666 211 6476 6663 49 594 9539 8485 8281 4542 4928 8256 5254 6975
18 1042 864 5293 4424 804 6880 3750 8809 8939 5696 3452 4498 1610 3237 5050 3139 1544 2737
32 4945 4474 1682 8472 2919 8417 7588 3450 6356 6244 4135 6944 6366 9687 5675 890 2578 6559 4394 1666 1020 897 6435 3026 1846 5113 6054 9713 7693 161 7042 5874
26 4250 2924 7591 3527 357 6867 203 8640 4781 4097 6732 3281 6242 3962 2849 171 4791 9305 6152 2746 1735 4961 8415 5599 4089 3697
31 7654 7873 2138 2155 2711 9456 1050 5210 7842 8231 5814 7134 9282 2363 4685 7216 7823 9057 2688 4886 6503 4046 8618 3070 476 5287 199 7310 2395 4965 1106
20 5695 1049 3001 4972 1612 2618 1569 1141 1088 2389 9246 4660 6419 9403 1701 5796 1456 3919 9512 7937
34 1460 3504 6633 6401 6371 3512 46 7364 3249 9759 8926 967 8538 1398 6979 2659 2581 138 4537 5443 9413 5760 3952 9474 7137 3116 617 9936 2638 5862 8262 2225 4906 2465
30 2722 9838 3936 6613 7102 7861 1249 323 6842 6825 1214 3302 189 7759 4014 5656 3265 6826 934 3774 2512 9346 7837 9003 4980 9175 2921 8351 8765 8120
32 3360 1605 7537 8319 98 8109 6702 8502 6916 5151 1712 5619 9993 5529 2961 3044 4041 2980 9082 2386 4588 8752 3584 7751 9626 1360 1987 5051 4759 3948 7760 8191
36 6903 2946 9195 7161 1317 7961 9954 961 5785 5455 4822 419 5846 1232 5979 1341 7825 5630 7694 2530 164 6901 896 6635 3132 6845 4608 2571 3526 2486 7036 1739 8729 7773 5205 8405
11 2289 8822 7168 4010 5978 5440 5072 7236 8675 3391 1652
35 9881 8116 2463 9222 8819 8721 1156 2595 1302 5160 2018 6440 8218 2598 4897 2756 1301 8933 7025 607 4810 983 6416 9739 7793 2336 8399 375 4631 5745 7279 1890 3577 7641 5279
33 3214 7475 262 4105 3283 186 980 4651 3700 4400 1699 8764 4796 7164 1078 6288 3970 6360 7683 10 1140 4547 5511 6877 180 6757 7457 8666 2044 9316 30 9650 9857
25 9781 8673 8110 5742 848 3284 2656 5421 5988 3090 2403 5045 7040 8860 730 8946 1550 5281 6745 2664 6142 4831 2443 71 6913
18 7268 2285 3896 2035 6950 9808 7146 6777 5525 5494 6016 8581 7508 2502 899 5607 4794 1974
24 6282 6572 7484 1886 600 7123 581 8124 6157 3251 3254 1355 2317 2435 3728 5215 3715 8925 9274 3355 8520 1732 7841 6143
27 6354 2523 7789 7652 1084 4606 4152 5347 9541 4950 3491 3201 2179 2811 6193 3048 6264 2341 3744 8952 8376 4678 7452 9607 4102 270 5986
17 356 9947 9784 6117 174 2399 7791 2380 6573 1427 9452 6275 4558 5176 3836 8389 9732
17 5909 1542 8052 409 9232 3540 6286 145 1073 5174 611 4109 7209 2895 1175 9132 2079
25 2205 9154 5853 1731 1206 2892 1991 457 8480 2553 300 8791 4284 1468 7282 924 4476 1614 946 3276 1628 4600 8036 8033 8678
17 3695 9799 1873 8345 4299 8093 9155 2303 4809 7497 4384 198 6351 19 4470 3592 9143
29 9920 852 6491 9705 1310 6226 2585 8663 8688 6044 5885 2995 5247 5262 9754 9147 313 6046 3370 5255 1239 9105 3698 1816 975 5167 1659 824 3655
23 4075 775 7924 9640 9230 4304 8763 5302 1562 4243 8328 6089 5381 9752 1347 8589 7755 3581 6846 9651 137 4173 895
24 5795 1144 4966 4037 7735 9185 8602 7336 2594 7883 5756 7403 5245 9853 727 8237 7691 3514 6668 8983 8329 9794 121 3578
19 8151 2899 1762 8182 1320 487 3837 5161 1570 8820 5376 1403 4425 4419 795 6112 2016 8920 3322
20 7818 5020 8902 9377 799 1745 4162 4445 2717 4276 4529 6973 1135 3261 4178 3760 8349 7263 1395 4123
17 6693 3270 6379 4344 2949 8313 4833 8620 9926 9637 742 6557 3580 3781 4357 3363 3409
23 2401 1947 5006 6778 7151 3293 5533 4611 932 111 4359 1637 1319 523 5948 5048 7731 9974 2199 443 489 475 3382
33 82 6386 8004 7567 6931 2843 5165 8066 862 9052 3288 5462 3642 3043 9630 2457 7596 8725 3843 96 6494 2239 2144 9671 3051 893 494 8041 3018 1600 636 4478 439
28 4899 6470 3352 7499 4239 9935 1902 1937 851 7886 3057 2541 4715 9150 4842 1806 4473 5673 5882 423 5854 2747 3831 7128 8565 5849 8697 477
29 9029 4785 8098 3199 5166 2064 582 1186 6092 6234 8726 5927 1087 2996 7947 1064 706 2131 2493 179 2901 1602 6768 402 4747 9342 6568 1875 388
30 4233 2830 3128 1607 332 6861 683 5358 7432 3910 8845 100 3684 5692 4168 1148 3999 345 6910 5109 9049 9504 8519 4505 7629 822 8672 6629 1306 8671
24 4803 2966 1172 4460 4643 2902 7546 1410 933 3954 4042 7053 6098 9798 726 5 3041 2708 6754 7194 214 5010 1348 6148
26 6864 9383 3909 7617 7385 365 5273 6890 397 182 8358 9273 45 129 9275 3290 9524 5242 3348 6410 297 3908 9128 7619 8510 85
23 398 6997 9548 2809 2439 6802 5476 5448 2332 239 6006 4338 4333 7835 6472 9485 8048 2517 5664 9172 9902 7540 2101
33 4870 4444 367 7922 9226 4709 1104 1199 3296 2472 8838 2263 3486 5461 3384 7060 9953 6982 907 3499 6027 9678 4387 4668 9314 7269 342 5706 3466 7223 7573 6074 6770
22 6908 1024 2534 8096 3972 4179 9608 580 2088 1833 25 7515 4300 7021 5689 173 9899 508 6704 166 661 6151
29 5659 685 906 8562 2000 2014 3574 3467 1275 8223 2972 691 9812 9561 9766 525 6281 1461 1216 3587 6966 4091 5301 6456 666 1145 984 3482 5501
25 1625 5081 1164 2761 6477 7856 5526 5232 5031 645 3020 3682 4465 767 5617 7199 8996 4912 6124 9777 1685 9162 7278 5088 9908
23 8144 1346 712 6246 8482 5079 3224 5606 1036 9957 3416 463 900 9672 1457 5974 4048 1269 2621 3023 1224 6902 9551
29 4790 9870 9653 3223 7272 452 2860 5366 8057 3096 3035 2223 4274 4933 4777 5330 2261 2321 2062 5627 6413 4623 2692 3854 754 6524 1532 6830 2511
31 4846 9137 1194 1742 5392 7909 2821 4578 1405 7846 4262 413 1678 6212 5741 3620 905 8648 826 1838 9832 845 6716 6891 1772 5537 4814 553 2080 5225 7664
34 9845 1256 7289 8681 8017 7072 9127 133 6593 910 3659 8277 4774 3507 6987 8692 9638 4536 9942 2128 2288 1291 2118 6357 9354 5033 1277 1454 602 2903 9287 948 349 8579
31 4690 2238 5063 1163 6638 4708 5513 5110 7852 1134 9151 2575 8241 8655 1744 2233 7069 1909 418 2579 5900 7868 9283 3989 4251 2567 4745 1834 58 1070 9482
18 5481 985 4539 3186 5515 9430 599 8561 5747 8584 9971 8930 2356 3418 5558 7552 3965 7157
25 2143 6241 7627 95 1389 6232 4506 6107 6397 5872 5052 7965 6029 3615 6952 3374 1233 4411 991 6161 6571 764 7580 3282 7235
24 7807 2536 7858 4844 9612 9182 7933 1817 9390 9198 5929 5468 7541 4560 6211 4867 6365 5267 6309 3816 6369 2888 616 5227
26 1147 5251 4767 1922 2872 2376 9592 481 4905 3383 841 9963 2607 9702 4646 4391 5780 773 5973 7399 3068 319 656 2424 5407 2137
27 4047 7354 4755 257 8710 216 7748 733 4343 3163 4632 6701 6118 6430 8372 5653 4340 5519 3905 5490 2652 5241 2057 8159 5712 5869 1191
24 7095 4916 4220 488 6043 8772 4937 3768 8607 3205 8590 9879 9583 5320 7864 6030 86 7892 6483 1608 4186 1730 1212 4141
28 695 2434 1751 8005 9549 9266 1954 6376 6762 41 9433 1882 6075 7876 1893 4316 1883 5838 5090 2061 3911 9008 3308 9109 6858 6746 1472 7463
26 9356 9818 2978 4254 8913 9589 8890 8568 926 1957 8275 1717 9978 641 1196 3916 4734 2922 5717 3669 5234 1736 8211 2272 7602 8543
21 8344 677 7419 1397 1980 8108 6409 7039 5980 1950 808 6741 5101 3111 5396 6703 3513 2441 7534 2217 2950
25 1832 9055 1898 535 7180 9579 55 8685 3900 7504 2937 5149 2158 5871 4202 3049 9793 126 5445 546 6576 9136 7526 472 4503
23 3192 2766 2851 7977 3874 3088 4820 7195 7833 4996 3184 4756 5554 9071 5889 1380 151 2974 403 5503 3320 8761 5333
13 2649 540 6727 8246 7816 8664 1496 3389 7207 7809 8113 8857 3758
19 4248 1074 8077 5646 3375 2679 185 9710 777 505 9824 2047 4314 1897 7166 1786 8642 1241 7469
22 4986 5134 9946 6652 148 2335 6868 427 1543 7505 1393 6094 7981 5068 1041 2192 6097 6958 541 120 4360 589
24 4982 9863 817 9735 8813 1271 6492 3729 4590 6756 5417 2954 8082 3098 2822 9546 6012 4204 7343 9462 2152 9804 6167 204
23 1933 8072 7941 5668 9017 1498 6619 2 2555 2884 5868 1015 9079 21 3063 2676 3808 5697 131 7928 4919 7163 5837
28 8367 9951 8183 5731 3812 5431 5041 4205 2637 4770 4995 9468 94 1294 2065 2109 4265 4589 8032 5516 2507 9537 8833 4157 1365 7718 1350 5291
26 9613 3202 1754 741 4592 3278 6642 9864 6316 9039 1507 6446 944 1560 9712 7190 8676 336 6096 676 792 8848 8095 4789 2681 9715
29 7101 8445 6387 8289 218 2229 1835 6394 1651 3317 2203 8735 2189 7564 3534 9440 763 381 8498 8796 3274 4892 7908 1994 8407 6699 1636 6330 7774
23 4626 3175 68 5681 4396 8734 9659 7631 8455 8965 9531 6796 5614 4618 5638 8084 2572 8718 718 3791 8603 886 2254
18 8285 8336 4652 2058 1158 7285 723 1961 8152 1943 4681 7430 5454 4029 2099 2698 1357 6144
34 2375 1095 7323 997 1057 3054 9044 1502 1576 6031 430 1318 4882 8390 7047 9919 2609 3481 473 5387 11 8227 8851 3401 9973 7210 5876 9396 7559 9192 8868 7743 3951 1779
29 4633 6444 4858 6228 9950 3956 2646 2868 5419 9854 6424 5678 7752 450 2063 2432 3688 2912 4095 7393 7994 7319 3277 6574 8547 2361 333 4019 8704
23 258 2663 7346 1369 8428 537 5244 8284 7226 8029 9463 8778 1587 5905 9471 6847 9565 8056 261 6758 2449 5208 1247
26 2723 502 4441 3357 5135 2019 2728 9503 5811 2562 7665 230 1941 8132 3959 3573 248 7733 7283 8190 7658 637 2648 8253 3422 4650
26 2116 5720 2608 8476 2156 9663 6662 1254 3179 6851 6299 5475 6481 6457 7044 451 7612 952 8230 5163 9458 1222 3714 3347 304 6598
34 2932 1464 9087 5631 7409 606 9336 12 1813 6641 557 2071 6515 8163 119 4793 6200 7141 5298 6670 8302 4944 3880 1143 1531 7227 3644 7603 7715 8286 7217 2762 8311 3597
12 2293 1167 6361 4749 2719 1671 6399 5336 9628 7705 335 3648
31 3495 1392 4913 6755 3762 6367 4857 4613 7764 6155 81 5896 4535 3190 5312 399 2135 2806 6664 4144 7451 7562 6086 1951 2302 3173 8927 3168 8460 373 6133
23 8625 22 2066 8540 9822 2801 1527 4647 4985 3083 8192 6887 1099 3419 7514 3330 2091 5815 7877 6673 8841 8260 110
31 8073 717 1349 1125 5129 1260 8644 8970 4865 4453 4567 1757 9349 9258 252 8912 8431 8244 4167 1482 2010 8189 3458 2127 7767 2603 801 1171 392 8427 1750
21 3187 6239 26 6883 9782 6945 5574 9200 3945 9851 2636 3415 4125 7135 1344 1018 8175 260 3319 1027 8392
23 6697 8706 4122 306 9120 3395 2589 5331 2760 3746 1580 2146 4549 9520 1774 410 1777 3225 8793 4257 6247 7716 1747
17 2413 1707 6718 6586 4580 4752 1845 8979 547 4099 6720 8508 2236 1356 4298 8575 5958
14 3151 4044 7188 9829 5601 3203 2549 8134 9564 4840 2795 207 4490 500
28 9359 2767 7013 2086 2786 3583 3002 2550 5337 5994 8322 6219 5265 9124 3065 7974 1963 2046 4889 6606 4278 6998 5567 5377 8785 9091 7320 2661
25 2959 2416 8130 2094 6708 2076 5156 5464 9534 8200 7723 5198 7525 621 3110 3658 9165 3149 9889 309 5288 9774 4353 8832 2204
28 4835 8747 9956 5487 1299 4 9469 6018 1470 8467 782 3235 6611 2032 2754 530 6130 550 7311 5311 9166 6781 9067 9859 6872 7762 4347 8755
19 7455 2882 6263 9700 8117 9992 1384 8552 8315 4408 5850 4028 1552 2866 8070 6674 5023 4910 2774
26 2911 435 6268 6774 7332 5115 5220 7991 6583 887 4329 7819 8463 7412 644 7675 735 3560 33 9184 5266 2798 9518 3483 7191 9256
26 968 3723 9236 1977 5951 1616 2816 5104 8989 9841 570 8869 5236 1324 9620 9411 9533 2964 783 9590 3239 8197 877 2941 1805 6404
26 620 6265 2187 6175 6139 5999 4934 2428 3420 4860 7441 4764 4997 4418 1962 7966 4064 6339 7557 8883 8090 9697 8916 5292 4281 4819
16 1303 820 5340 552 4160 2910 6191 9610 5711 3739 3305 2024 1761 2718 5219 5719
16 585 853 9721 8662 9153 8438 7363 6067 1210 7929 7568 3197 8034 1280 3052 2419
20 7144 3331 8632 5899 1290 4031 4754 3407 4127 945 2417 3178 8867 7070 8330 7225 987 4694 3171 1804
25 9241 687 5828 3960 7647 1926 5179 2492 9341 7266 9643 4321 2377 7881 9980 1847 6085 3136 4528 5277 4609 2256 9000 2115 1988
23 4629 5682 2219 4566 889 7471 2685 8947 9339 1645 6204 4992 963 9174 8991 8572 5343 1566 4282 2182 5223 7587 8701
23 3829 84 7754 1837 6569 3877 2874 6390 5581 3557 2154 8250 4446 8711 6963 6724 2930 9123 7608 5651 8775 4059 9360
30 1526 5192 5523 8628 8934 2026 8694 6683 694 7291 649 8079 6834 8444 8528 1729 8713 5776 7857 1949 8325 8534 3037 8736 2201 2968 8364 4658 6766 3194
34 9785 5043 8905 3061 479 9457 1375 15 9931 7888 237 5545 330 4617 4228 4700 692 6493 2078 849 2839 1648 759 8199 1419 2653 5300 6689 382 2360 5432 6748 7653 5013
29 5395 7522 5100 3569 8451 9400 4877 6196 8686 1802 9428 930 6359 3341 6420 3825 8413 9576 60 2251 4303 1992 3678 187 160 6222 6590 1404 5484
22 6922 7454 3469 7787 1617 2926 4447 1703 785 301 416 232 5289 9606 325 1653 3105 673 3030 3093 8985 2103
31 5032 7959 4455 4361 154 2933 4907 2693 4577 4435 8802 5393 4656 4232 6959 6502 6512 4667 449 3819 3763 6843 8355 8449 9005 9374 7170 3379 1060 2396 1268
24 3690 4030 2602 7352 2876 7655 6827 4896 2258 2522 6380 4189 7614 4018 8615 4941 1325 9487 1491 7703 4025 114 1839 5197
22 7621 9031 9955 2481 3711 4040 466 4467 324 2132 1773 5572 2357 6305 3122 1620 9538 8375 2853 8054 6889 9168
23 8015 2090 8856 3761 4477 942 4050 7306 6581 2715 3815 8971 9145 9582 9711 2540 8452 4171 1257 4142 5294 5666 1509
21 9239 6637 5551 6378 9570 1687 5157 5512 6980 2749 7212 3385 7257 6577 8343 5752 1891 6393 9997 4009 8332
16 79 3548 4562 9422 1767 6935 7579 9271 5099 7396 9204 3143 2840 7026 5622 2582
11 3611 7824 7867 1017 2592 8596 3767 7110 672 2460 1063
21 7517 1927 2835 1908 8024 904 716 28 8783 9995 9566 8894 4571 1340 7338 8958 8928 3925 6537 3894 5932
26 3263 6013 3509 7931 6532 6793 243 6605 7879 8138 8548 4909 2228 4355 4449 3813 5422 7327 1641 1510 285 7712 1408 4402 5078 8966
23 1429 1126 7372 7328 7104 2480 1997 2989 378 9733 2703 9361 3849 4289 99 5684 9887 8709 6453 5938 3234 3130 4421
32 6603 4434 3802 7004 8249 6051 6101 7309 8003 6194 3920 959 9553 1105 6853 1940 6066 8723 20 3556 3602 3463 251 5107 268 2654 1981 5517 6634 1776 2096 1082
23 8843 3226 102 3396 5148 3888 5768 8859 4799 2896 2727 5037 3498 4017 6426 3929 9550 4805 7663 1146 4818 6818 9904
20 2769 2005 9018 3017 6584 3029 1094 806 1055 8060 6156 499 9680 791 8353 2429 6297 159 4482 4412
35 1058 664 3879 807 8828 6087 8907 1692 155 2793 5635 4772 8361 9295 9749 8318 8987 7644 3722 9493 5700 1896 5725 9636 2466 3220 2069 7581 4671 9459 8980 9797 7862 6852 2298
23 8693 7329 9265 8213 2408 8698 2051 7182 888 8844 6761 8944 836 6660 4021 6459 6791 2197 1385 8567 3472 1091 1861
12 8873 5977 7844 4153 3882 5332 3345 1856 3730 6122 2666 7786
13 9253 9073 2211 3252 8133 5898 7062 8804 9834 7094 9820 6957 7863
18 3983 8104 7149 3614 250 2039 4442 1673 2414 8935 2054 1114 1798 3559 6610 4306 6020 9059
21 7719 6734 8499 8527 4129 5112 8634 9727 4240 4094 7906 7538 2354 1700 8781 4293 9658 6753 9925 8500 9505
33 1828 7366 7565 152 6929 9325 4307 371 4989 626 486 4801 247 8708 5933 5338 4392 9454 4723 6918 7535 3074 3613 1884 3376 9188 7049 4688 5351 5753 4172 4977 909
34 5002 6804 2561 1238 1741 7728 729 1494 8362 8563 8929 9878 861 1789 1071 1727 1910 2364 8338 8931 1986 5739 8450 2642 7976 4397 9706 2257 9264 5843 184 790 8006 9921
17 1990 4389 7322 5790 5071 1818 9110 5492 2423 6585 4138 9910 2794 5792 4060 9072 7131
23 9662 9624 7133 5217 7367 6377 9530 6900 1976 2825 7339 7570 1154 5489 4464 3426 4484 7737 5552 6832 3195 1444 1179
21 5315 190 1120 2129 4348 4241 3366 4139 2167 762 2450 7583 9066 2870 2339 9805 7882 1724 6439 4063 59
20 7286 8292 1855 9022 7305 1530 3756 4069 4185 7255 5555 7800 8700 6904 9982 3664 6135 2068 4416 769
26 2469 6015 4188 4551 5497 1958 6372 2352 52 4346 2914 2680 1713 9572 9600 1312 5077 2702 9326 4510 5784 7035 2942 7871 8188 3579
33 5275 3477 9389 1478 8297 9740 6076 3865 7090 3085 4087 1409 4696 326 7732 448 5587 9568 3958 9574 1638 4067 5471 2611 269 3899 4249 555 1244 843 6053 8426 374
29 8512 5069 4894 1165 2110 3353 9554 8993 5598 8636 9350 4356 9813 8667 5767 2624 6974 3055 6036 5573 8371 6526 6805 976 8013 8150 4603 278 4214
15 3830 234 7927 1286 6208 8320 5004 7707 3436 8903 5738 3977 642 8177 6279
30 6744 4655 6084 8797 442 8997 3890 5919 6948 8511 1281 5648 640 3213 935 1955 1437 6639 8180 1415 6616 4732 4541 5240 6808 1714 1594 1565 9398 2908
21 5463 3306 3354 5688 4561 150 8288 1371 7145 7594 5424 8909 563 2072 3337 8504 9026 7582 4837 5467 9318
34 5483 1043 2992 9660 5154 954 1383 2505 1601 3518 736 2672 5528 3064 6352 5274 8114 8378 4792 1085 2889 8080 1253 4312 1243 7130 9464 1486 8963 4395 3034 420 4327 6337
26 3510 2606 4379 3158 1278 8789 5884 5605 766 4673 4621 3691 4874 5367 4428 3443 6373 2430 6136 5652 2913 7820 308 5540 5044 8044
14 8742 276 5920 632 2759 302 5647 6685 3325 3724 566 2614 6844 3411
22 4317 7249 1013 9595 6321 5506 5928 2563 5571 2845 5943 2543 2699 1363 6238 882 3832 4884 1656 7231 7383 2213
31 2142 8194 5805 8918 2525 5769 9633 8437 7046 1931 5418 5589 6930 7099 454 2491 6643 7461 2031 7174 6767 4616 3931 3433 4526 9315 951 7400 6083 9157 8891
22 745 2295 9219 3671 9786 6498 3814 6869 7154 9103 2593 3032 1877 3639 1993 8021 5548 2765 1516 2886 919 3397
18 965 4212 3361 6684 6283 5975 5825 7378 1335 7810 5935 4194 2476 3240 2100 3759 8334 596
25 6679 6856 3660 674 2850 5003 6782 3392 5355 7607 4737 4215 7129 5065 3973 1026 1450 4098 9444 1538 9528 6308 2425 9924 2773
16 8228 1326 34 5370 9298 2532 9115 2034 9104 3209 6111 7923 3372 6294 5921 8202
31 4093 8858 4074 2580 7390 8222 6505 3842 4738 9006 2038 183 8314 2475 5662 8425 5963 6134 3809 7407 534 8155 9767 1677 698 1407 6499 2200 2623 9019 703
27 7177 6250 383 6631 1092 859 2370 5034 3673 2991 5430 9146 6694 565 496 7183 7016 3410 7313 9692 5059 4556 75 6480 8696 5744 5341
29 2333 3622 4768 2753 1669 2939 1137 1362 4174 4469 4192 7477 981 8950 7987 8771 8214 281 6513 7958 3228 2677 2037 2384 3757 3285 8745 3545 5946
32 5521 4661 4020 1430 6656 5894 1764 8181 63 996 1453 2684 9447 6462 4351 8691 295 9159 7387 3803 4377 1581 1448 6403 3953 8087 5452 1558 9053 9738 3725 4876
21 4136 9868 2249 7340 5578 9511 7511 8047 8569 4517 3710 2075 4825 9420 7316 4130 1182 9683 9180 3716 369
24 2367 9351 4841 1633 4806 7023 2282 9023 510 3294 3505 1681 441 7243 9714 6835 9149 4271 7173 231 9673 1230 2658 4994
28 1906 4126 3078 4964 2714 3847 1376 6733 9598 339 1591 2392 1220 9148 3135 9164 7391 4881 1725 331 9884 8388 7865 3589 1025 514 118 1209
28 9475 4427 7489 1808 3928 8290 4184 3095 3457 4413 6277 8409 7921 6956 299 5615 6210 2045 7189 1870 2943 3250 9679 7656 4930 5000 9748 9084
11 5992 6548 6907 6082 4669 1463 7558 7250 9641 4468 1889
17 1477 6147 3062 6647 5562 7993 9882 275 5751 3255 5054 4147 1001 1535 9498 284 458
20 5105 3993 9061 7988 5328 3080 1755 7990 3811 3253 1547 4953 1973 5508 3886 7284 1119 7051 8643 7358
23 3967 1784 7662 9249 4502 7111 2768 1219 2538 3040 5028 2001 1756 9526 4104 7162 5791 3798 7939 2925 5549 5369 8660
34 7901 8487 2701 3968 3343 8972 5039 6290 1679 7985 4973 3247 2422 5389 1824 7290 5466 6468 3022 9119 3735 6906 4120 7720 9685 7516 5701 8943 7230 3876 2987 4974 4932 5509
38 1343 5327 2518 8853 9309 277 88 9126 3424 6184 3912 5592 9750 3215 5807 9421 8900 1952 7598 3747 9102 3125 8321 3218 1810 2473 1528 6207 9093 4352 8094 8836 6955 9621 1300 8871 7686 254
25 3732 7915 5465 8586 4374 8126 814 5153 2877 32 3216 1056 7011 1885 8740 2998 2379 1139 426 8179 5674 3860 5926 7808 7459
30 1661 4871 9171 7553 4993 2836 6370 5439 2105 533 9437 1328 4297 6343 9540 7634 3006 6591 6179 5304 8574 3570 9476 8165 2021 6406 3904 3650 1853 2168
21 4731 4012 9998 3679 266 588 9647 9507 9619 7240 7315 8274 5800 4816 9397 2162 3995 482 364 2696 840
16 4213 4713 868 7853 4610 228 5458 9693 9928 5001 1215 2400 3114 9410 8649 5346
28 2331 1204 7821 1451 6859 4695 8834 960 8254 3120 6882 6258 9376 7811 6215 6088 4619 982 3991 2626 2893 8263 2402 7740 4131 6644 5488 4483
16 9007 863 7797 5092 5859 9131 3150 3039 6069 8522 6672 522 9557 7486 9118 9869
21 8433 5779 2596 7584 7625 7202 7333 6170 7840 2444 1200 259 1160 5175 3033 7476 5126 4744 8481 2918 3503
25 794 7794 9443 1819 9755 471 4703 5559 1508 3696 9588 7531 3015 4978 9387 4839 272 7361 940 9470 8850 8337 5042 4748 4508
12 539 6320 7292 9041 8078 5983 4206 1181 7480 3770 3446 4946
26 7750 194 2635 6984 4591 5964 6338 77 8265 3869 1848 3127 9669 9918 7033 3544 7155 89 8531 7443 8167 9965 5224 241 4198 2172
33 5709 8551 240 5211 1093 4426 2617 702 524 8715 1297 538 9862 9051 2729 5522 2587 999 5685 6602 5252 9611 3515 4847 6306 3200 609 5374 9676 2231 2411 318 4158
22 9334 78 825 7275 5141 2028 6389 633 6578 5143 1386 9892 8651 4325 8273 7376 3733 3975 1379 9657 871 4680
28 8665 6863 3797 2316 2455 9033 1127 688 5834 3012 4532 8975 5931 6490 6596 2186 5416 9915 2533 9563 705 2743 4367 3386 9208 4823 8612 2358
18 2440 6056 6106 280 8282 4148 5364 7829 9369 292 1184 4951 5514 7536 1067 9134 3841 7465
36 4115 4499 6333 2734 4235 5959 3833 7533 7893 1878 7488 1618 1044 6318 6384 4525 8327 2988 8045 995 7650 1606 7710 1332 6795 1234 7995 5770 8964 7609 9991 7264 6014 1031 9861 9880
29 5354 5102 9161 224 9962 1807 8198 9250 3476 4200 9731 9196 1123 542 3616 6478 3524 586 1763 7050 9807 3371 3748 4657 678 3676 9800 6120 3769
17 5985 1815 4926 6398 6433 4601 4543 7056 6554 7992 7184 391 132 7067 7761 6218 1564
29 5633 7382 3551 6814 7439 3269 2951 6473 4448 8705 7002 9877 9156 7147 908 2106 2052 5429 7643 9267 2468 1969 8204 1203 5344 9268 6347 8404 1505
18 9527 5361 6236 5906 2347 8398 2865 6063 9907 4292 5600 1373 2650 569 7075 1150 2790 7685
29 8258 8815 3272 8494 4582 2706 2499 346 3465 1485 1433 7624 8216 6323 4717 9047 9215 6039 1255 7897 3944 2857 9917 8279 4452 3603 9573 6025 9614
20 8998 3131 7630 6800 6881 8470 5402 7491 2479 9815 1159 3336 5097 6292 3398 1706 7389 6570 8825 8205
30 6037 3484 3552 7623 6899 5644 400 1982 5507 2271 8257 1578 6731 9391 1152 2871 787 9370 7701 4466 577 4659 6646 3287 4436 67 1904 5307 5930 4079
27 3631 5802 6105 2934 3549 2372 6104 7353 5075 9310 8488 3839 2612 4866 5539 4735 9771 8737 7495 2826 9558 7380 3632 7513 8035 1183 4630
24 3217 517 2140 8141 6760 3889 3485 3891 4999 7926 3021 9922 8719 8861 5194 7779 7089 1432 634 4332 8895 3246 5541 1872
32 9194 3575 3755 5036 5530 7722 5413 3517 4485 8837 4815 5066 1315 2196 5683 1192 4159 8023 4640 3665 1905 4581 6657 303 1339 7677 3846 6203 5789 7466 4628 2173
18 4615 5883 6080 1801 8418 5586 9060 4888 2050 4863 2731 3563 7769 3013 3562 6551 3721 5810
32 8646 5164 7420 3736 2382 1311 7869 3053 3313 8599 2017 6350 3903 3618 7796 8515 2971 3852 532 872 5750 4082 9544 1809 2059 2467 5477 8069 5637 1586 6183 9848
18 9460 9393 2003 7528 6195 5080 758 2640 1511 4672 3177 8805 8012 8105 3533 5778 5388 1136
20 2022 389 559 2859 8969 3431 4782 1455 3850 8812 2161 2084 7980 3406 7244 6717 4134 838 9183 714
27 474 4872 7081 9519 879 4595 9802 7626 255 6231 6597 6213 2391 3004 9639 4269 8645 5940 9562 7265 9599 9516 1401 8795 964 515 4645
23 4324 5636 2145 8118 4237 6166 5821 61 8356 24 1443 7259 2328 1629 9423 2834 6550 1077 3318 3346 3191 8195 2515
31 4487 6131 156 834 7276 8136 7024 1399 3546 3487 3885 5686 912 8899 1563 6190 5886 4475 6650 740 6970 8874 2042 5189 3058 966 9294 1551 7413 7136 6040
28 1696 2111 7640 6062 9585 8803 7999 2388 396 1515 4548 9788 6911 7530 5182 2383 3328 5618 7020 485 9814 4939 3454 9843 971 5818 4261 1295
24 4245 7487 9186 6484 2122 4573 7690 4370 1045 2081 50 8707 2828 2817 8887 8020 8919 9276 8174 6542 6262 6270 4049 5527
28 9827 8235 5734 1402 4390 7342 1691 6235 1811 6976 7238 816 4143 4879 124 1420 797 3976 821 6059 2682 8147 6897 5026 3938 573 3104 9062
19 9584 3153 3844 1782 2615 5797 5469 696 3737 5326 6888 4376 467 638 2644 6687 5231 2330 8774
32 1851 5908 256 6417 2023 4027 7079 778 2029 1697 7849 3984 7618 5451 9994 2629 1921 422 7666 7713 8679 2829 796 165 9872 3099 4856 4827 8196 384 7384 3971
20 6579 4811 8606 18 4821 2909 1939 226 7172 6342 1047 584 4170 6751 5722 7660 1512 6128 9181 4691
32 3848 8000 5137 1406 2501 8514 9652 6050 6691 5339 1936 689 8863 2738 5866 8619 6588 2733 158 1634 7093 1424 8595 7337 2107 8484 9983 1844 9348 249 5575 1865
35 5177 2855 690 7061 8461 6057 1766 7280 8170 4255 453 5608 5317 1658 4753 9828 7804 5460 3204 5239 5645 2958 8757 4247 344 5280 8767 6538 7935 1014 2586 6284 1670 8145 3378
18 2778 9709 925 4156 1829 1499 5782 7158 4641 5411 5788 9322 757 6243 1129 9615 5904 7913
26 3593 6949 3137 5095 5844 9081 6811 7096 885 8424 7270 8609 7827 3788 1506 6506 2351 6938 1428 7788 5276 5661 5628 1003 4309 3268
27 1283 4778 4854 9345 9323 7971 5473 1916 411 4117 3364 1738 9984 5062 4920 4092 7417 5116 3828 4779 6127 2297 8031 4852 6145 9985 36
17 635 8992 8171 3222 1062 9764 9844 9977 8630 1261 587 8949 5406 8714 9559 2207 288
32 9509 7108 8187 1225 8348 4890 3913 9449 4176 1381 511 6038 310 1639 832 9392 6594 8892 3494 9938 3094 3801 6180 4602 9578 9453 2322 9088 9424 9914 4234 7493
25 8248 810 6817 6516 7140 7252 144 7370 839 2015 2276 7442 2890 3638 5403 4970 8629 2025 627 2554 2097 1178 2174 6407 181
36 9319 6719 6317 5250 1715 3705 1237 2772 3821 462 5178 8523 8419 108 7668 2117 5721 4305 5715 7932 3435 8493 3633 7294 170 2011 3741 4587 7778 911 4924 4960 5546 4569 3157 8776
28 2198 4675 7798 9860 4776 6601 5152 2856 2089 9244 3437 3629 9514 8298 922 3930 1746 857 5893 6090 417 7586 1630 9217 2900 628 1858 3785
20 1287 8238 9900 497 8026 4722 5314 765 7676 5727 1029 8081 6912 9743 6730 6434 1285 9929 4901 5296
29 4471 6162 9299 8506 5316 8842 9720 6661 8730 2633 5131 6345 7018 4845 2291 4712 2977 8397 6810 3369 6455 6392 5971 5801 9090 5657 3542 3210 6500
21 7126 2085 7193 6874 681 9934 3915 5993 8 2844 1920 3742 4258 225 5459 957 6837 1627 7659 1711 9228
26 1737 5385 3154 3267 9552 1521 7758 205 4489 4023 8071 3230 7205 7635 6712 7312 1504 9279 8716 1635 2524 5723 7674 5808 8817 8582
19 9408 1768 3980 3075 4086 9209 6464 4701 1096 4295 2355 5256 6690 4576 8129 4714 1431 7348 5380
26 4639 4826 3066 3405 2055 5786 4802 9787 5642 3692 9404 4231 1693 7695 456 6623 9330 670 7917 7951 8598 7460 8396 8153 4808 3709
22 4033 4145 3300 221 7260 8269 5708 3516 5191 7648 9308 6803 8091 2771 1211 2151 2907 7593 8505 8728 7763 7109
21 2838 1644 2683 2740 5531 7416 4225 7241 1792 526 4270 9441 1480 6995 9355 9825 3112 2426 2461 372 9632
24 9434 6779 5565 2936 9329 1447 6752 4119 4493 428 2812 6665 7503 6536 6989 4128 9979 4969 7940 9210 4605 5264 1911 2965
23 1198 2148 2883 655 1245 5259 4096 2082 3634 2807 6994 2202 9801 2160 2405 6990 1107 6312 4155 8339 1928 8247 564
31 1573 3500 6141 3211 5248 9555 4216 5520 4107 9040 7851 7706 4000 2576 3666 9704 748 7577 8617 7426 2785 2976 4057 4429 1205 1523 7682 9722 4246 157 9450
20 6520 5535 140 986 9438 5118 4318 390 7520 1758 8699 5660 4203 8881 4593 8807 880 5299 8272 4066
23 3400 8647 2527 9300 8756 3600 7261 1028 6385 2102 3985 468 6947 128 1336 658 3180 9207 8208 1929 8261 2053 7006
24 6095 3987 1915 7010 4990 6991 7186 1352 9048 5349 4177 8608 3468 2670 314 858 4140 6474 3804 5408 2456 438 8063 6711
26 4940 2535 8014 279 7506 7801 9189 8085 1662 6860 9763 7968 3315 7870 3351 4007 3792 2306 4559 4687 7437 3988 1282 9866 781 1351
34 1934 3961 3778 9030 8886 9912 9432 3183 8627 1330 5957 139 5258 3461 5008 9199 6171 5632 6418 8549 8610 5297 1632 752 8653 5235 3079 2552 639 4743 1483 6624 4704 3434
23 1329 3438 3464 8799 8173 6460 1541 2445 4984 3298 3706 7714 3776 7784 5206 4043 2006 1142 4981 5061 6806 9001 7271
21 2948 8677 2981 9206 724 1540 2583 707 747 5848 5989 949 9898 219 9064 4538 7055 8650 4512 27 5580
27 202 6714 9225 1390 9078 6479 578 8994 9967 9405 1794 1022 4724 5168 9508 6255 8342 8786 2818 3275 1358 8616 2665 2226 48 8115 2385
14 1272 3010 5984 6645 8594 8940 90 4705 6564 8555 7052 6680 9976 1110
17 8780 8429 1396 5181 1783 9803 6592 4053 1382 2208 3159 5639 2009 5127 4730 3992 4864
28 6678 3751 6927 1035 7165 8475 9492 9506 8239 311 6953 7357 404 2136 7063 4800 1240 8076 3525 3942 3025 7698 7889 2433 6362 8530 4045 3256
25 2894 1520 5474 5612 9262 1657 4015 9259 5493 8416 9231 3489 5470 405 3594 7 9108 4288 768 2508 8324 7547 1529 8443 7228
20 5611 1748 8040 6875 9371 7998 8854 5755 1583 8862 3181 3141 328 5060 6681 4036 6108 1229 5855 3536
21 2671 4568 7872 7444 3598 5998 4746 5532 6000 6028 4479 8766 7904 9098 3289 6621 8877 4726 7464 667 2863
30 3470 7293 772 5290 6735 506 1876 9176 2267 2690 9601 1149 6449 109 1672 465 8702 3672 2454 9758 8176 3604 8255 8299 2643 6186 4783 4936 9163 1771
26 4979 7066 855 5915 5122 1869 7375 4038 5730 7220 7394 5995 5237 5972 1011 9486 2537 9386 6876 1131 8287 9138 5323 883 176 1925
15 5103 3796 739 3087 6794 5057 7084 9384 4627 1862 8232 749 4634 979 5718
27 9379 3982 5491 289 7606 5595 3625 4149 8517 1840 4190 4522 4217 4832 9569 819 9237 2984 8995 6763 2712 4742 6126 7373 8724 9989 9791
23 8439 7680 1412 3582 3490 1484 7709 5569 6412 4227 2252 7814 7679 9849 1439 264 3221 6540 6871 3820 770 3011 543
29 5094 105 6709 6926 9707 6021 3097 9642 9417 9280 469 1780 9972 9368 5140 177 9776 1999 1422 7848 6790 8310 5593 2378 8400 4644 8880 3628 2935
33 9304 8888 3773 8827 1708 6363 1859 5773 5132 6676 2873 8252 6617 2610 3 7730 5858 4638 2875 4523 8769 4511 5437 220 5827 1440 2531 2920 7178 3538 7550 6894 6055
24 7341 8010 7729 7267 6300 2415 359 867 9837 7239 1113 6700 3432 8184 4133 4313 1553 6575 3707 8680 8465 873 8380 8221
14 4938 4302 6981 1743 3677 605 5799 835 9028 361 3326 6972 200 7434
29 1005 358 7198 7721 1331 6529 3571 3727 4218 6011 7501 9996 1968 4552 5561 3713 8782 2999 4451 5914 5180 5159 9597 6187 3198 4201 4294 8583 6019
33 7335 7970 2438 4848 6561 2613 1414 2495 7896 1226 668 2906 7815 4026 3738 7308 5691 6467 464 4072 2301 8587 4224 9203 3478 5952 4320 9086 47 8441 1665 8209 719
34 5968 7371 7179 4851 1536 2764 4720 115 3393 9333 9037 8986 9058 2308 3133 6517 149 5890 1930 3123 4113 9021 69 3413 1760 5257 4836 6001 5091 8291 3050 6114 9547 8264
33 3147 3451 4003 1079 8831 7251 2862 7950 3193 8535 4873 4902 2244 5698 2170 2153 2407 827 6886 5949 9375 1664 246 4594 7826 162 657 2346 6783 2324 4880 5634 4315
31 7317 5350 7539 4238 2797 6773 7768 9690 9343 556 6789 7944 3038 7954 5705 528 9885 527 9431 4296 9916 5183 8229 7324 9402 5305 1338 4197 7914 725 3368
34 1425 1177 7585 9695 1721 3301 2526 4002 8046 7273 6168 1900 1984 592 6747 4423 6932 37 6280 7253 7878 5325 3271 1307 2885 1694 6607 8474 1170 9941 3835 9135 507 5542
18 5357 9429 1000 8307 5892 2841 7678 7113 3851 5830 3892 2931 7953 1021 6686 93 9201 774
34 7967 8062 4358 2268 8622 1797 9696 1770 9684 6346 3060 5672 6525 3441 2447 6879 8578 7543 8423 1978 3786 136 7085 4146 6780 9708 1561 7524 2073 2007 7038 5997 2904 5851
14 6812 583 7076 4440 9302 9378 4495 1201 6630 8870 6873 7578 1391 5746
32 1180 5324 4971 5879 8007 2620 3810 7834 97 8412 8483 3795 5284 5544 4554 1577 4663 1102 3699 377 83 6475 6787 3656 9762 3994 6266 8911 3939 2169 936 4775
20 7945 8220 1166 9107 1710 9490 3775 4223 5400 117 7792 8385 9670 2957 2565 2982 5918 2632 5781 1932
15 625 1400 7377 5283 7639 3170 3753 3617 6358 8689 1998 7117 1971 3610 4259
19 8882 3686 1033 2092 5640 5146 7697 5566 4761 7512 1624 8009 6061 9045 6615 7153 3103 7657 8131
20 4598 8864 1919 800 8366 8308 6769 5442 5335 6140 7555 4834 9406 1519 188 5766 7022 1305 2891 8518
25 9220 305 7467 9960 2215 5547 3599 3362 1705 3979 9324 9876 4430 869 4342 591 8597 8414 5012 6999 437 8591 7132 7595 5233
14 286 6828 1597 9726 7138 4574 9296 9958 4137 5950 1436 9783 7633 312
30 4521 2185 6396 805 2824 8083 1611 4210 4032 1769 2056 5732 9943 64 2721 2410 9744 5707 1899 1589 6375 7936 8226 7211 9251 6311 4649 4838 9248 6539
19 9448 3661 5309 362 6065 6487 9010 575 6176 7262 1038 713 6465 5096 6388 7900 3780 9831 493
19 3675 370 2326 7708 8915 341 2847 1276 2485 1663 1394 1826 307 9580 8377 2436 2359 8212 551
18 4331 9114 2108 8384 2337 2404 3475 7015 3024 2726 1820 1704 3966 4555 1019 503 847 2431
26 1323 3059 5263 3402 6291 4267 6838 1068 8395 7746 3649 2483 9263 9665 8486 1500 8866 1132 4004 5925 818 5171 291 1917 2713 6608
25 2230 2558 8526 4817 8513 3927 4927 5976 7963 811 5228 9224 6298 3554 2641 7041 2599 5188 1488 3394 9495 3497 536 3964 2260
30 8800 2566 7125 4454 8779 521 9836 5086 1965 1609 7741 8550 1368 4366 1138 6257 9930 4780 5125 1723 167 7757 3923 2077 3969 738 7435 9317 9451 3291
19 3764 5172 1667 9142 4054 7836 6726 8682 7229 5863 2927 7012 3771 4540 2241 7572 6939 962 4472
29 7222 6205 6626 8295 6759 3165 2318 386 5398 5202 352 9083 4908 6154 7150 7258 6560 4500 8101 5047 9847 4301 8773 142 9466 9382 6017 6666 9257
32 7196 4497 3338 7213 3196 7766 6996 1235 8545 4409 5990 3448 8157 6287 6438 5860 4665 5397 7242 1100 6841 8835 2471 7687 3782 7838 3069 4110 972 3056 4662 9817
32 3380 4398 1298 8904 6138 7983 7620 6667 7704 1263 3793 8852 8203 2994 3459 3126 9277 5679 6381 9494 8251 798 2983 9734 8560 3827 9718 4242 3160 3109 1734 6653
38 3754 9497 4383 4191 860 9112 6801 9517 7300 2296 2366 2745 4929 3321 6628 7127 750 5897 5564 2120 6509 9948 2928 2340 6599 9809 1996 1953 9269 5308 9425 5478 9545 8613 4787 1825 3940 3637
27 7521 2741 7916 113 8492 6775 9385 8959 6622 4219 3266 3047 2139 2287 7009 5064 2803 3046 4035 6278 1719 8948 7197 8340 5362 828 7601
28 3279 4336 2559 4788 8945 2497 3008 3447 4727 8674 3107 4869 7098 5425 2314 7456 1354 2776 3654 6940 6411 4404 9867 3462 8788 8303 708 9488
10 9698 7887 6322 5816 3703 7029 4586 7368 3749 9724
21 6188 9332 4323 3766 6224 5873 8401 9027 8955 6848 2166 5624 4698 2529 4090 6009 9004 3856 8932 7699 9020
31 4686 9285 2243 6132 8219 8479 9035 3635 7008 4488 8050 5961 2848 1702 7091 1416 646 9178 2164 9975 3000 62 4967 57 1195 2697 5399 2020 4308 3377 4229
19 1449 615 7397 6432 1012 9894 8089 5654 3329 4762 6221 5817 7402 2627 7077 1476 5774 340 9099
25 2365 3212 2833 7404 7031 3957 5133 5783 2390 8335 6595 3663 2787 1559 253 9015 8061 8323 5082 8457 5970 9412 3077 8123 8224
16 2597 2193 4585 9840 7143 4381 8657 4175 6636 3743 8068 9011 3350 7523 7344 4830
27 1983 5878 6035 7450 5793 4530 4604 7200 7474 1221 4955 6422 3144 892 4052 8491 9016 9757 1065 5186 5368 1251 5271 8135 7684 5495 6528
24 5740 29 6225 1124 1788 7795 4222 5671 1128 9320 4118 14 2757 9819 8605 2178 8816 1227 1778 2325 5556 1492 9986 9065
29 684 9891 734 6941 7744 6562 1267 4334 3918 7219 351 8107 786 9238 1567 2820 7365 3576 6408 1584 5055 6920 3867 5510 3129 6659 2963 1698 6648
35 9940 4166 4689 8267 1435 3007 648 2944 7771 2570 9414 4564 4887 3657 5936 2373 2725 5070 3101 101 7847 8058 943 1090 941 6612 6898 178 2560 6917 1442 7401 679 4008 7548
28 5836 107 4516 2280 7386 1781 168 8749 406 6233 9747 2831 6335 5596 8621 4182 8727 1313 3822 7885 5966 3606 3652 213 8074 8571 6813 7802
29 3981 215 5485 5187 5982 7880 8410 2342 751 8977 8360 8309 2290 3872 1032 2625 1185 6081 5775 1 3834 9686 4256 7215 8301 42 9139 1309 6165
30 4266 5173 3142 123 9903 8669 753 9645 7925 6523 8146 7984 9593 8233 432 881 6454 2183 4963 5910 5378 3866 376 5616 1695 459 6658 8293 7425 7086
22 6809 5764 434 9075 4103 6840 4637 8067 6964 6866 651 1765 72 444 1016 5594 7330 7738 3608 1914 4151 3359
24 1598 9775 6675 6855 273 4918 7805 1880 8695 9407 7254 5749 6049 1718 4208 1279 5669 931 6765 5270 4545 3784 1995 7507
27 518 7297 898 6978 2159 8271 8762 3596 8690 2320 3042 6068 4068 6511 7124 711 3156 10000 8787 3647 6414 5136 4415 8030 4450 5941 2177
30 5222 6099 1051 6002 9352 6553 7902 5524 163 7527 9158 4599 4076 9050 8333 9218 6677 5472 2498 293 3555 70 4952 4563 327 1308 8759 4319 3875 9395
28 9631 1503 1728 3162 9100 1918 1799 1361 4733 4983 9337 7832 9778 8088 9835 5405 8974 561 7560 4422 9901 2953 4335 2218 9655 4244 4861 8879
31 4769 917 3898 7448 2368 6310 9501 8270 4501 5895 3868 4728 4988 8885 9999 7449 6447 2119 7884 8922 3922 5019 4706 5193 3358 4226 5762 8741 1089 902 8369
32 7563 7082 5098 1623 2842 9491 5272 294 1619 5038 8468 9850 2880 5014 1236 3807 431 4268 1004 9729 3456 5901 385 6527 7975 3445 4456 1489 5162 4570 7058 7542
15 6123 6269 9362 1462 1009 8496 8633 2487 3208 6695 296 9609 6530 315 2490
14 8961 8391 7742 6125 9240 2237 3473 6892 8206 9288 2503 9286 1582 7949
15 3522 9187 9751 3687 4221 6319 2369 6654 6486 490 8086 2528 4584 2605 3609
20 1596 6821 283 9871 3731 7331 8626 54 8503 8580 7045 3231 7187 6273 4751 4750 7321 7237 850 6032
34 8016 6443 9193 1034 5841 3207 1040 9344 7005 347 8978 2947 8430 7803 3858 238 9002 9937 4766 2323 2242 3262 2782 2520 4674 8352 7549 3681 4406 4285 8305 8889 3619 7780
15 8127 8818 9970 2041 9054 3712 3636 5987 6625 1359 5435 7482 8564 8600 3595
34 8317 501 3332 2478 2113 7692 2147 2048 4513 1557 2350 5923 2421 6402 2548 761 1654 9096 8557 6285 1684 4859 8938 7747 1967 5839 3541 5456 245 697 4550 2755 5953 2940
24 8566 8432 4682 5200 7946 5765 1242 6429 7956 5912 4330 865 9944 9682 9394 4438 9529 3950 2294 1823 5956 7068 6008 6024
24 6150 1599 7843 2270 6073 574 5823 1081 5557 4354 9202 1912 8731 2897 2095 8956 2329 8855 4272 6742 5758 2792 8312 1650
21 9543 3752 3188 8999 5960 4414 6961 3528 603 6962 8588 191 9036 8638 1525 9634 2645 3258 8738 1901 6671
29 9442 3455 2546 613 5845 8794 6521 928 5011 7088 9906 7745 9648 7453 74 6119 2704 3295 9952 2033 4987 8982 9043 9769 3883 3864 3863 5585 5623
17 1913 2149 5390 8923 6334 7106 5803 6546 2748 9761 1546 212 2660 6943 9179 3621 9479
32 8546 7073 5584 1046 2190 1322 1321 3310 4917 6921 8937 8846 4116 5917 4684 7785 9472 8156 3167 3511 56 4024 3260 7806 5798 6504 3264 3702 2783 5667 7436 3185
36 5902 3646 1749 1487 9144 6146 4463 5916 9933 7355 6710 8739 6951 8658 6609 1674 1615 5588 5306 6149 7813 7519 9281 2141 4195 9129 7711 8139 9478 1686 1513 80 9556 4286 8784 4914
24 5040 9080 2763 4211 8106 23 7776 447 7481 3273 3492 4868 338 9307 412 3365 4022 5203 7139 2188 4807 6587 7790 8758
23 7362 545 8075 6544 1118 9532 4514 6060 2250 5433 1097 3324 9694 3031 3693 5268 3169 2945 4572 7510 9571 8898 4725
32 7208 1155 2452 6682 4407 9905 8207 572 4935 9213 2969 6836 6047 7938 9173 3605 4771 9038 8092 8471 6169 6197 598 5426 4716 401 8687 9515 1053 2027 7545 4786
29 9032 2397 512 1800 6541 5499 6552 7903 7234 4039 2309 2299 495 9821 2519 4991 7875 5278 9306 7142 2724 9603 6534 1871 4636 3521 1080 8448 9846
27 6313 8243 7894 2709 4101 2985 6331 7955 7064 9014 6071 1752 8623 1023 4922 2732 9243 831 8436 5891 3242 6749 1944 4958 5621 7671 6450
26 8011 287 4252 4263 6181 8122 1709 631 1076 4531 6905 7610 2655 4795 8347 3840 9627 1274 5447 9674 433 5345 709 4375 4697 6466
32 9140 9988 4699 9338 5864 1640 8973 4169 1590 1688 2194 3734 9313 4692 5067 5502 9229 7175 7065 8743 2917 6353 4081 6129 3084 6649 445 2130 5500 2274 2121 3229
9 2312 2157 4337 8193 1130 7727 6518 4765 5138
26 7458 7509 5384 2700 8028 5907 2398 1649 3238 9581 8059 8878 6965 7725 5310 7003 2573 6192 4311 76 4849 9235 6946 4070 1867 6253
33 9617 4773 8733 206 7274 4975 7628 6737 6137 2705 7019 5729 2114 112 5965 6992 2462 8790 7828 2779 3403 9772 6229 9896 425 2184 6010 7032 8509 662 9753 7472 6488
23 6531 3607 4056 2569 1030 8234 7057 3236 6202 1162 8402 8924 5813 7080 2619 3943 9435 3166 721 2012 5446 9927 1377
23 6543 6698 529 1942 7831 3564 809 5169 8403 3838 6261 9689 8847 5238 1366 9133 7287 9372 2775 3421 106 8018 2222
25 5218 2349 6115 9664 6326 6227 554 7996 6252 5759 3720 6314 3027 9536 1413 8601 9890 6743 7478 6271 5603 7860 6937 3924 7014
28 5106 7544 973 7048 4439 5322 8125 9070 2854 6934 5017 4055 663 5436 8464 6301 8914 147 3612 8411 1372 7071 8553 8732 6878 1490 8521 2929
31 4275 9909 5852 1555 9719 8532 366 8703 2669 9025 7410 3701 2506 3935 1895 7688 6172 4843 7890 2662 2800 994 5947 9141 5375 6651 9117 8576 6533 103 2970
27 6764 4683 988 9542 1108 9789 4829 5981 9373 5009 1075 2628 1759 5089 2832 6816 8901 1497 2134 1353 5518 1264 6274 1101 1676 737 4437
22 9480 5794 360 9289 1683 1726 7702 7830 4481 44 5969 8103 9085 5856 7116 4433 5870 3134 8872 1548 2564 9152
19 8577 8477 6026 856 9883 2622 5022 9616 146 6993 2634 1556 7930 2781 3805 5809 5282 2568 3740
17 8259 4492 2049 955 122 9790 3857 2067 2232 5937 970 9741 2210 9363 6160 2905 4797
16 8300 2867 590 9522 8839 9874 2393 519 6289 9418 6303 9291 3547 9121 1979 7717
10 7462 4280 8823 8954 1881 1187 2710 455 2915 6722
29 595 8754 5201 8042 5356 6452 7600 2087 7156 1821 2879 6276 1830 5199 913 5840 7942 379 3233 1314 3641 3314 7667 9833 2675 9770 9806 7350 8712
11 671 7783 8049 1655 669 4900 2574 4949 2707 9467 436
30 8166 3138 1459 2600 7845 9594 3998 4575 2667 282 1970 2171 7866 7301 9009 5570 8798 7037 8168 5804 7027 4121 4954 5609 7957 6391 3117 978 1465 4957
