27 6599 395 3630 7060 5416 5318 2622 33 7592 6277 2935 4689 782 231 8610 131 4033 8758 354 8230 5271 9722 6774 4196 4841 5789 1993
24 45 9194 9366 7458 9751 627 4104 365 4487 4929 7305 9983 5854 3437 6991 4406 1450 4899 6071 4075 6943 3796 5317 8879
28 8033 2854 9446 9568 1053 8954 606 8577 6097 7131 2913 4658 5417 3894 6321 9122 3740 842 7879 9432 6081 5088 9819 7770 9687 3468 8360 2565
29 6440 377 1191 8026 3150 8445 4567 1639 6550 5975 3637 4720 2852 6129 861 2893 5594 5389 1400 5778 3874 1129 3527 8637 2505 7764 4339 1791 8096
28 6428 9213 8971 5237 9811 1257 8108 3242 9949 9203 9835 4687 2946 412 9256 3609 6204 9525 9644 6107 8998 5558 4907 7791 4346 3474 7066 6898
31 9475 9718 4507 5910 8575 9665 1593 7065 6015 4062 1158 5412 6878 125 4598 5027 7196 3125 440 1379 5923 3012 7092 8951 5316 9881 2885 2329 655 5562 3334
28 2603 7313 811 9219 5522 4639 499 2039 4292 4293 3584 9694 4277 6624 3939 4043 5655 7826 7547 8048 9649 284 3542 3237 5398 3540 7187 7326
32 156 6668 1038 6475 1014 432 2168 8663 8634 3619 4672 5159 1082 2286 4127 6693 9072 7884 6873 895 5971 222 2110 1684 1884 1251 5753 3676 351 9788 7741 4585
31 9738 8579 8543 6756 7572 5218 8389 3724 7062 4460 9067 9677 1034 1029 8362 4676 4232 3814 8702 6336 3255 8656 6987 7391 6801 7128 5560 6867 6184 1851 3570
30 4467 1752 7397 9286 784 8293 6341 9456 3528 4524 8993 8603 5403 3515 2606 6612 2500 5606 9453 1221 9659 8419 2022 3230 1827 2588 5660 6533 8218 5988
31 2822 9443 4390 1196 9797 7516 3811 678 791 7317 8848 7660 7105 7928 1172 5869 7233 8338 3370 3639 2379 4451 176 8735 821 4959 3842 497 2814 8194 5211
30 3039 7642 8366 7689 5881 3050 5251 2167 9356 0 9149 2802 6456 2539 8591 3942 639 4700 4555 1341 7241 5283 118 8275 1811 2211 3083 3956 6061 1868
30 8103 3247 6151 8120 6995 9874 8257 690 8911 3770 7629 8147 3194 8337 9769 7238 4421 1057 3552 9156 4016 9275 4729 8388 349 2405 8935 990 7837 4881
30 2584 8184 2202 5377 5553 1675 2555 4716 2840 43 3086 8668 9842 7328 567 1128 1145 3096 7069 2660 3142 4073 6733 4403 18 7717 1798 5849 5953 8636
32 7318 2648 5136 3258 5349 3707 289 792 8897 7960 6944 8458 161 4456 2235 4813 7586 7033 449 3799 803 4541 3372 8452 1528 8030 8647 732 1765 9535 5774 1099
33 5876 2766 1590 2304 1124 9428 3033 6221 3715 1545 2835 4882 3094 5504 7491 8223 2326 2315 7292 3824 4911 8869 6034 2277 7034 8359 8888 1841 9863 6783 3024 6088 85
24 2995 4634 6754 5705 1160 9808 4679 532 1589 5427 5135 1832 2484 9532 3338 8531 6926 7252 4319 4631 3909 3957 6390 9163
30 2150 1573 4246 6595 108 2916 1961 7117 8483 7761 9545 832 1457 3605 6539 5236 2118 4770 4939 1432 5872 9065 6408 2718 2709 5430 2345 1369 5930 1298
27 1179 5535 8073 8282 5171 8727 1707 4589 7097 7466 1825 8145 7459 157 5546 388 5628 6526 5871 9472 3910 3214 5459 4702 6673 3006 9418
33 9822 3075 8152 9128 5612 2966 1787 7988 36 8211 7415 1011 8832 6849 7596 1650 4749 337 6653 6963 1584 7447 6789 776 8748 2987 2261 3601 6524 2969 1235 4014 2497
28 719 1666 182 8134 3350 1178 5706 2920 311 1477 1435 1698 7077 6208 7558 1161 3056 6853 1844 4220 8719 9631 8747 4416 3943 6415 2467 7502
27 9191 1938 3991 4909 6677 3292 3049 975 2477 400 2280 6206 189 4276 7124 6851 9098 6884 481 3852 6736 148 2102 8485 5795 1801 5361
28 1434 4581 9635 9817 6520 9590 4298 6538 7680 8862 545 5106 5428 3377 1496 633 505 5636 5929 9402 8716 4036 6086 3661 2093 7788 4512 7775
27 2446 1817 6683 6970 4896 8234 971 6686 1174 1310 4856 1694 6434 6552 673 9196 8031 9214 7350 9142 797 8243 7970 9383 9403 5269 411
28 7138 8502 2713 3551 8166 6382 5460 979 1243 743 6989 3310 7025 522 758 5331 2259 5444 9566 890 1162 4783 8672 574 764 5851 6121 6787
35 2635 9360 4057 7384 5855 9097 5671 996 9415 3215 871 1256 6862 2923 223 3778 7973 8761 4839 5737 8226 5464 1190 7506 1605 7665 4979 8779 5725 4291 891 8105 8037 5320 6216
28 187 9561 7331 2126 4730 1203 5772 2303 4158 5749 7525 6510 6398 66 1156 9511 5164 7254 7274 206 4362 7512 5686 4287 9463 4998 277 7559
33 1959 5097 8870 144 3914 1614 1276 5744 2868 9437 5277 7304 9173 1695 331 6429 7532 1726 492 6877 3880 1291 9693 1355 7819 5932 1685 3510 6002 730 1638 6810 3082
26 8141 4506 3198 8851 8875 1700 7286 4302 3854 9172 261 3545 1799 9833 3730 580 5268 8982 3822 7041 9493 9503 8542 166 1327 9741
25 6056 5147 5967 9891 9549 7201 173 4370 6263 2028 7032 916 7692 2432 9596 3085 3244 5139 728 7140 6887 1538 7100 2956 9577
26 2734 4922 2069 5310 5244 6049 134 9762 6268 8330 4402 5330 7853 5827 8684 9105 2366 7461 3135 3111 4531 2572 6798 4502 7272 592
31 9058 5383 4568 8399 7120 676 4942 4377 9436 3648 5222 8131 991 9057 8661 1147 9792 5443 7200 9046 9922 3732 1116 7548 2356 3257 5225 4961 8776 8819 3808
29 6198 1437 9470 3640 5895 6348 9537 1998 2489 6971 413 3431 1585 9118 4332 6323 5205 9429 495 2605 2875 3498 1951 6709 616 3931 4586 5681 5392
29 3016 2091 7539 8027 5436 3651 1759 204 9526 529 3303 2464 6462 9119 8867 9999 2684 9676 875 8856 3206 4912 8905 6899 6833 467 8959 5227 2528
29 333 5831 8669 6425 7982 8949 9515 7249 7668 91 5878 1680 258 6915 1914 7126 981 2889 6617 2319 5927 5335 6642 2669 8763 4973 2268 4461 4037
31 9670 3496 7695 3919 1260 9629 1373 4478 5253 9327 1557 7282 709 8094 877 729 1866 6146 7428 4826 631 4206 8209 8065 2483 9342 6136 2275 2143 7718 9307
30 6261 7487 1036 2244 4219 3954 9263 220 7316 323 8499 9529 5279 778 510 6486 7043 1963 4146 8319 3184 3466 1729 3032 8838 8535 8522 5650 3906 9841
26 2921 2297 1186 3324 6871 5940 6868 2101 1340 2318 5502 5142 6364 199 67 1873 9716 7795 756 4670 3413 7055 9082 8750 5054 4347
27 2870 1387 3987 9273 2253 2212 1996 5911 1708 8562 9300 5067 8190 8370 1652 4725 9000 8785 4283 1874 1227 7951 7926 2620 8548 8694 4131
28 9151 6347 7638 6928 5516 5210 6816 6994 927 9324 3144 4124 84 3121 6728 600 5191 5505 9471 7964 6067 1501 3613 2072 2328 1714 5844 6542
25 4891 4980 9104 2769 6910 7430 4323 9853 1032 3563 6352 3269 3271 4902 7881 5773 7510 6571 4216 7182 7666 7647 4352 8771 7886
32 8598 3877 7358 4327 6000 2918 8609 3103 3803 9457 3544 4665 1309 5018 1371 2316 5782 3175 7882 4240 2521 424 3445 6165 1703 1658 8179 9253 9713 641 6320 3059
26 5260 2182 3560 2768 1547 1904 1777 358 5036 1548 7983 116 5600 2576 3674 9560 5098 3615 7366 7657 5085 1237 1446 2881 3901 2719
27 327 8299 1425 89 2141 443 6411 7489 2027 4562 3167 5951 9704 4098 7363 6306 3293 6054 3600 506 614 1878 4271 1634 1705 5877 5284
26 9145 2830 4349 8492 4751 4436 4009 7980 4828 739 4497 140 9135 539 3747 9400 1886 8269 1510 7017 2824 1958 6704 882 5717 7471
27 3183 7179 5472 6258 1080 1776 9856 2313 6084 5035 7195 3314 7989 4081 7298 1171 999 64 4604 3969 1026 7469 7567 2454 7521 5042 3399
32 681 2563 6610 3383 928 3323 7790 7777 7038 2176 9690 5530 3273 8231 9279 9177 1392 4955 6962 3378 4491 5421 5663 3523 7827 5234 754 7551 8555 1881 3758 8753
25 2223 1599 6214 5545 1325 1758 4030 4231 184 550 5793 8859 7620 1853 3512 4812 5605 2196 8079 6254 6499 1762 2516 518 711
28 2368 2847 8118 8003 7367 7482 9302 9362 200 5547 5592 9218 1467 1507 8908 8196 4086 4837 1273 8580 8473 4932 8940 8533 9705 4698 4548 4940
29 9392 5955 4996 6925 3266 4001 9504 6676 5748 6331 1218 6318 2426 345 6701 8550 2387 4843 471 5554 3999 1992 4563 4324 2619 8323 6828 8582 2444
25 3636 4574 502 7151 8462 3745 4413 9818 1915 4179 8915 1856 153 4814 538 4752 1901 1843 8428 4265 5764 3014 7223 7908 5674
27 835 3482 2469 7575 7865 2410 8655 4272 3407 4547 133 6836 2010 9252 775 830 8827 9316 8868 9639 8102 7376 8343 4297 1607 4556 5561
28 9832 5524 9243 1805 8052 7147 3332 5125 926 87 5603 564 5840 3382 6418 7212 6302 7365 9671 1471 7398 3787 1506 9514 4490 1136 4539 6301
29 6096 8039 1924 3781 6237 1588 1133 4394 3604 4004 1083 313 642 1320 4599 4748 8871 3499 2245 4924 935 9313 8521 9603 3848 4450 5386 1928 9109
33 3660 5645 6980 8513 6030 2755 7957 5229 2429 1245 8646 4874 8944 3608 4696 1418 1892 1783 7206 8119 1741 3737 3000 8157 9205 6053 9517 9320 396 1071 5897 8385 7492
27 7849 9417 1531 2263 4250 5726 8726 3195 8423 3398 3863 7838 1459 1829 2683 5114 9830 2029 4894 6118 2773 699 8002 3274 6029 2059 9255
30 9053 5608 2442 7416 4655 5654 132 6128 6615 8904 6606 1524 3795 4423 917 3650 1088 1781 324 9985 7373 3178 7139 1375 427 2170 2075 7697 4635 4300
32 3440 4830 8590 7698 3064 1422 4834 8421 2295 5499 8022 3821 7610 3797 6178 6941 7682 4737 2697 4787 2490 7646 3017 7669 5765 9335 2567 2616 5970 9882 4712 7568
28 2717 7222 2512 3462 9836 4227 2057 308 1735 9658 472 1852 9919 228 1544 376 9707 5346 3376 1645 8054 3597 4176 7601 8660 9030 5591 2810
31 6430 698 1330 6374 7144 2236 4722 2433 6547 9854 8040 7472 203 4374 2699 1934 5367 5909 6545 645 8034 6083 8817 9245 3673 8308 9542 9003 4707 6647 202
32 2234 3765 4318 5086 605 908 393 8920 3905 1301 1349 9593 8189 914 802 2224 2972 4389 8331 8692 7051 3966 5339 7452 4613 8088 4733 1978 8484 6008 9799 3952
29 4523 6956 3210 747 1421 3331 8418 6652 8486 3813 2522 3286 3131 7549 2973 1494 8124 4051 2270 2598 260 723 7101 9221 5629 2441 7371 9152 9837
27 3187 9887 5771 6888 6482 5826 6242 408 3335 4134 4145 4544 1292 7509 585 9794 2462 8707 1619 7599 1617 4859 8084 6358 2357 4237 5513
26 1566 8170 7329 6177 1969 5348 402 9315 2794 1253 6160 1290 1742 7809 6147 1535 3043 5651 104 8014 7052 5359 5609 8290 1027 5644
30 3448 4878 5197 416 1051 8549 4817 5912 2232 1519 1986 2891 4986 4602 1840 8519 7181 9709 8444 7571 1569 6608 9610 5091 787 5466 1428 1551 1177 8311
30 2849 2698 1846 188 7528 1055 2242 2536 150 9451 2538 3058 7000 9739 7005 1453 3567 4570 3594 5458 5620 1646 9972 7119 2264 8244 378 1079 7460 6632
27 5371 2583 8797 3951 9719 9229 9314 5100 2260 4919 2666 2872 8498 4693 2411 2702 707 9373 6825 316 9977 7453 7517 5948 7839 7907 2623
25 6130 280 9447 314 8952 3866 2401 5228 6738 8876 2055 584 8752 2869 6953 2128 1625 28 5961 6799 3112 9170 65 6823 2936
25 9106 3704 6879 3643 288 3186 7878 5861 5906 4591 7056 5072 5539 325 4357 2112 7255 708 7360 894 6660 31 6012 7903 7021
30 5266 8177 7871 429 4034 7992 1462 1093 2301 9395 9338 6515 7082 7531 3839 2967 8713 8599 8116 905 342 8863 4041 6548 7073 9948 2046 9900 9438 6017
29 5959 5613 1066 8162 3716 2053 5857 8873 1167 4444 5429 7811 1389 3923 7702 4129 1050 8984 3097 242 4426 4367 1119 7518 1967 2829 7850 1946 7417
26 6570 8246 7694 9785 6869 1165 5167 243 332 6999 5852 6187 1094 604 1403 7570 5267 6381 2073 7339 8818 9277 5864 2942 6974 5823
25 6933 1831 1285 8950 6284 2359 9477 1898 6523 4040 5601 8815 1321 8384 9552 8135 6649 4359 3751 725 3154 9582 1672 825 9354
25 5455 5801 7574 1768 9940 1631 164 901 8224 5350 9628 6646 3896 2226 3204 7040 7168 155 6355 7498 9878 2703 5548 7553 1154
30 9351 2517 7096 5984 40 9052 357 4192 9831 7327 7405 8642 9089 3817 4428 6253 3568 669 2419 5393 3566 4007 8405 5140 2553 5571 5882 5960 3580 8395
27 2922 534 5528 7979 6250 7650 6658 4809 4724 5856 7816 9372 8248 6601 382 8295 5493 478 3007 3809 1357 9903 1449 5950 7593 9343 9604
23 3353 7175 5476 5308 3680 2710 679 466 1797 2325 1044 339 9 3961 6726 8028 4453 4606 6116 8962 7094 3074 7555
27 5835 5837 5467 7394 7351 6283 6556 662 1549 9500 3277 9187 4918 5104 2034 2227 6725 4686 5762 8160 3478 818 1015 4791 8583 9404 7207
34 9581 4949 1143 6959 1983 9506 9150 4252 6990 7111 734 7875 1723 6773 3321 6716 7587 4213 2219 2231 7733 303 9405 6058 4330 3761 9210 6636 5521 7413 5926 3668 7978 8887
26 4172 9662 5966 2186 9967 8281 964 1810 689 7284 1023 259 8886 984 8990 4438 4143 3428 7226 8806 8071 3626 7520 7542 9071 6596
24 8725 1595 1822 8681 6427 3556 980 6740 4031 7950 7830 8864 3061 4414 302 9465 5931 8704 5995 4505 235 340 4775 1289
26 3190 3179 2855 7014 9224 1558 167 5296 9260 7942 9964 3879 7844 3657 6521 3418 8587 9487 483 2628 1107 5305 4360 8110 8412 9558
31 7678 7015 9699 9592 1250 8970 5784 6562 4799 2707 974 9703 1244 4045 6544 1142 5076 4525 7438 5246 7961 9195 6031 3864 8648 7602 638 6881 9296 3529 1596
29 1134 6265 9685 9804 8049 2147 385 8581 4325 1020 5311 9862 4511 8142 7515 6111 1927 6850 1906 2488 5616 4445 2363 6209 8192 8032 3148 4354 6157
28 586 6543 8948 8540 8936 81 4950 2266 2435 3711 1089 886 2011 5282 831 1114 4059 7129 5431 7582 8059 9569 6782 196 8895 8619 6546 2791
29 7320 4671 1364 5537 7742 1855 7721 5619 9848 6919 2207 7450 8801 7237 2671 9570 7248 8186 4653 2831 6848 8985 113 2065 7604 3959 5507 2007 2084
29 8450 915 4944 9754 9165 5079 4205 420 7071 4519 292 3807 5093 5356 3890 9867 3549 1087 1284 6834 4772 9879 6241 5221 1975 1022 6755 2952 9982
28 691 4662 563 4195 4156 9777 704 8494 2247 5757 8182 5189 3791 359 1483 4829 1137 8200 9323 1240 2272 6307 4285 6903 197 714 6506 7805
25 2038 1415 8717 6211 7338 6874 8316 4079 7771 7076 5083 9228 6665 32 568 9893 9345 6788 9271 3924 6489 7734 1943 5285 6135
34 3831 1660 4807 2604 7481 5829 8701 3949 590 8831 2136 5510 5490 3825 3507 909 5581 8732 1571 3571 7848 3248 5977 992 6514 9319 7594 7445 2905 814 453 2523 6942 3188
31 8854 90 9492 1976 7109 8273 5683 7412 1944 2937 3865 6357 1419 5309 1085 6406 5048 4943 2798 2047 463 8086 8212 5172 5341 8632 1378 6916 2273 3531 2518
30 9180 4107 726 3260 4650 8327 9915 7910 8274 2947 521 2705 9458 9008 7763 5187 1376 976 179 3967 7198 6047 1072 9652 983 5527 3719 637 1367 8696
33 7418 5954 2414 5941 26 8083 5968 7485 9599 209 9648 1802 21 6705 2643 5438 6228 8578 5880 9626 6682 4781 5264 880 441 517 8986 3305 1559 5836 2582 9527 2994
33 6885 4260 1824 5557 2836 5675 874 7744 1644 706 5058 6436 9093 2097 6820 6918 933 6449 6085 2790 9414 965 1383 9427 595 6734 8825 542 5039 856 9001 3663 2288
32 5482 352 2777 5387 4715 4050 3275 6309 22 425 1370 4306 7473 872 1214 3543 8371 8279 7656 7221 2754 9473 4846 9541 5684 4173 3459 7411 7121 8880 5859 8941
30 1999 3832 6557 7494 3460 8586 4386 4495 7605 8528 1242 3336 7672 7941 8482 4312 9169 4706 5920 7565 9682 2884 6797 3717 9134 4518 9968 6038 8898 9827
31 2758 4701 5112 6748 3442 3139 1604 1917 4396 8466 5304 3011 863 30 9430 214 9292 6565 5056 1346 1780 8643 9656 8922 7977 6751 5593 1615 8945 8351 6511
29 9159 3240 5326 1424 6416 1175 5144 238 7675 6567 1647 5770 2589 7859 5006 9050 5001 5884 4836 8921 742 1476 1696 3521 7998 5813 9971 8132 7540
34 6042 625 9031 6200 551 2906 6113 952 6125 4314 3804 8564 7296 1485 5055 1104 353 7766 2020 8185 2413 6166 8129 4191 2910 2208 6372 9028 7905 9124 8782 6371 9802 98
28 5254 2241 5113 276 7648 2339 4093 9803 7513 793 8617 2887 9280 8807 7053 2445 4865 3162 2131 3773 1356 3358 2095 6013 6532 7478 9349 7362
31 3117 3235 4481 1100 7295 4629 73 8050 6744 4880 2061 5425 7503 798 71 2686 5833 2540 407 2806 705 9085 8930 7302 3861 5819 749 3607 3062 3048 9478
29 7833 9038 2000 817 2051 4175 6105 9238 9622 8292 177 3908 7767 7355 9655 3241 7623 9283 4614 4847 1732 4399 5572 8380 8739 4681 1470 6932 5418
33 7426 9997 7229 2381 6488 9385 6983 7625 1430 2642 4395 7751 8723 4095 4019 1933 2520 9334 2970 9564 7500 4534 2473 7762 2023 1008 7057 1475 5589 8302 2448 3072 1875
32 6340 6897 9850 350 7707 2430 4393 3558 7392 1821 9733 3487 4178 1002 7554 3449 7344 1146 6696 2740 2945 7975 7943 5641 2347 1628 5337 892 4384 3970 3913 7690
29 8544 94 3775 1860 4217 2239 7637 8454 4089 1120 5059 6582 1962 2082 4128 7271 7273 490 8304 3550 5602 8457 6645 3990 4267 1061 5536 5007 4594
32 2851 3562 8383 330 2573 1197 5896 7840 2983 7202 7955 7419 4153 3020 225 5720 8688 2111 4321 1231 8662 6525 520 5319 9450 1594 4913 5374 953 2678 4171 3708
31 2098 7613 1037 9236 3845 5610 2744 107 5739 2843 3850 4290 8659 5441 6192 2428 6540 418 6050 7133 6528 5563 1514 7799 7440 4479 2123 8589 8683 3555 3818
29 2772 8472 9820 3972 3333 9559 294 6007 6112 5278 4638 3553 3246 9609 2187 4623 812 7628 2592 1850 364 1183 8836 344 6972 3451 3101 1954 4771
32 5588 773 2649 8745 3 3177 4408 1138 8673 7240 7462 1861 4990 6310 2730 2220 533 4280 8175 5174 3432 8082 3276 9088 1078 4705 2926 8018 4561 1270 2585 4767
32 7136 7382 8654 7011 4442 5714 2738 6854 8840 1622 2763 9815 8089 9651 4546 4120 4477 3389 7159 4738 1910 4528 4427 1529 4993 149 5711 6921 8024 6633 6830 7534
28 2440 436 5334 1818 1863 6516 4627 6437 9954 9921 4136 6098 4090 4139 5394 8023 7079 3414 4806 7169 9508 6619 7261 7008 3381 3285 1864 7260
36 306 1111 5703 1035 3772 2715 2963 4529 4183 9943 5406 1219 8593 9910 8369 2495 1144 986 6291 5695 6998 8720 8703 129 5358 3447 9686 7711 5985 4580 9398 2400 8585 1484 8167 5921
29 8172 1468 8969 8781 9612 3623 3405 1042 2774 1028 1532 5413 8677 4212 3686 2342 8614 9070 9807 3337 6122 7920 6855 186 3838 1518 8409 5779 7456
34 3491 2550 2864 191 6819 1220 3238 6016 3346 6369 8488 2179 8783 8238 1431 5983 6183 2818 1952 2204 475 6432 2299 923 9749 4203 1208 3561 8789 2962 9285 575 9723 3554
24 3883 4474 1024 3992 4573 7086 4356 9231 1688 881 2120 3464 2125 2631 5688 244 7420 5363 607 7618 5907 4590 6650 3810
24 6781 9589 6046 5585 2992 7278 1767 3105 1630 4835 683 8901 8773 9528 8804 6023 4142 4971 9306 2437 1479 4947 8187 1533
30 389 4794 9522 7894 1562 7061 1306 4691 3362 4435 4266 7877 6386 3981 1667 6175 9264 6940 180 9294 9230 1234 3725 4013 88 8043 4995 8195 3826 511
26 1717 2996 766 5997 1025 8754 7467 4545 1897 4831 2735 1899 5200 7696 8560 3525 1858 4493 1216 9265 6771 1731 6366 3197 9786 6491
29 8858 7566 3659 9966 2293 2701 3851 4692 6979 7597 2050 8892 9618 8334 6757 8168 8288 912 2596 3245 5111 1202 5190 2964 2691 2088 9748 7911 6575
33 1826 846 6093 9227 1139 906 6351 7436 2748 1258 4348 7765 2931 6814 2977 4288 3137 2951 4054 4704 840 8199 807 7504 2764 3200 808 4369 9099 1263 5736 126 6202
29 1785 8364 3579 9095 8746 2608 5170 4194 7670 4028 310 7740 7831 8926 2324 86 2753 3102 2886 3666 8397 3029 2284 8706 5538 1815 6447 4540 7134
28 4611 7984 8919 3259 62 8798 5146 135 2052 4892 1097 8639 6026 5758 9617 9387 762 4010 2665 3365 786 6370 3977 37 3800 5491 6639 5486
28 1141 4049 4236 5206 7449 4777 7488 3114 6212 3170 5293 3785 4064 636 9902 1052 2006 5040 4070 9530 2172 8881 1018 6 2731 480 951 3444
25 9413 4501 275 1691 8624 7715 1342 9006 3506 2808 5404 3849 3393 947 335 1845 8340 3469 7967 8174 2514 1323 966 9860 5517
31 7851 862 3618 9984 1745 2049 7022 1932 9753 2919 4446 9857 7340 5847 6137 9261 7199 5646 8860 5013 1286 5061 6880 7892 632 3936 5471 9904 9505 8443 6479
29 9049 9054 256 422 8368 2129 3882 4241 1444 5766 3095 5800 8348 3672 8139 8156 3792 9744 6592 5873 5445 6631 1266 9987 3697 8317 212 2504 7649
28 6507 1247 2399 16 4476 7842 8968 9994 2654 8258 3364 8813 3368 1830 6350 1977 2625 549 6346 9684 4462 6702 485 8515 3239 2706 3345 5365
29 820 4338 1772 8693 2138 8012 5323 6167 5401 4736 525 5659 5314 1880 92 5426 955 7585 3945 4159 5321 4198 8508 6840 2360 7683 5569 4552 6513
32 8220 8545 7639 5908 9251 629 6966 5368 1412 8532 7784 5384 7815 8861 9845 3801 4177 2256 5622 1013 9174 8900 8524 9333 9022 3588 8736 9613 9113 8501 6960 6730
34 2805 3581 2090 1956 544 9175 2578 4976 4116 8251 1317 8628 4440 2878 8722 6772 6607 386 9509 4202 1230 8312 1362 9259 6239 195 2559 4646 652 9422 8298 2804 9431 8009
29 5604 6785 4803 3126 4983 1542 4350 1411 5969 4264 5192 5395 3284 6484 7265 4167 2312 6487 4842 535 6131 1953 5286 4593 2398 651 5685 124 6014
30 1769 8019 7132 6319 6597 4757 8884 1760 5925 2687 4263 1193 7709 5963 403 9287 6996 7171 1391 461 1806 6870 5892 146 114 3352 7106 4793 503 419
30 3875 7186 9498 8592 7042 4710 3731 2106 5315 4559 9976 8894 3955 5249 1056 2761 3941 1905 6594 5531 7357 761 9026 9789 3219 442 8893 2041 3645 5690
24 7277 4796 2365 4239 3746 4181 9955 3934 8469 6225 2897 7589 7290 6072 3343 381 7479 401 2377 8433 2796 7900 4897 7688
31 4967 286 6001 656 9933 7244 8193 5022 8365 2194 8025 8760 9035 1919 9185 5075 4424 5037 8158 5419 4742 1075 1945 1331 4449 6335 2257 2385 7435 7965 5240
29 4114 9692 1365 2524 4391 1300 7538 106 437 7661 38 9247 4825 6213 5230 9325 5573 4595 9965 6290 1580 4381 8953 3985 3161 4832 8715 8392 4331
34 102 5325 23 3361 5794 1059 9115 9391 93 4472 1064 4864 59 8931 5894 8509 3461 7378 3895 5081 2321 9779 5194 8664 8635 1997 8606 6713 7930 7921 6732 6480 4789 2149
30 5919 5370 6729 7922 3268 9139 8046 899 4969 8377 4247 2909 6586 8347 4147 8436 7893 998 1918 7834 7027 279 9009 7311 9550 4320 6181 9774 6564 7215
27 6613 3025 4632 9384 2323 4673 9898 6872 8755 3974 805 4317 2283 4819 1955 1090 944 3270 1274 9715 3141 8306 1626 7386 3962 950 1268
29 7653 1492 8850 1410 2506 6844 8572 7356 8680 1423 2513 1045 7443 3010 2645 9588 4149 3928 2650 3093 9938 3689 9198 1005 9572 4811 937 9444 6598
32 4119 4397 8125 3312 5632 1241 5478 4575 9499 1610 5568 8144 334 6367 4930 2560 938 6861 6802 6249 4429 458 8344 3483 5381 3066 79 7966 9094 7294 8114 3436
23 7674 6720 5529 8324 3844 837 6304 3465 3430 4243 5411 6742 9312 9276 5617 1743 5145 1297 2115 9912 8305 3030 8932
24 7584 1764 854 4046 7845 9909 4358 7755 2624 7876 54 5818 9051 9736 1598 3329 7333 2361 6391 1912 2732 8955 5586 5280
26 8424 7337 3171 3702 5307 3871 380 3320 2184 2056 918 3723 9419 2333 7127 7070 2081 5004 7658 4790 1995 6293 3196 6637 7841 2668
27 7080 5944 7183 273 2815 6005 2201 6727 8036 2917 2562 1360 5442 239 7712 1249 5643 583 5150 3714 9663 6679 1686 2844 4197 2902 3767
29 4078 3288 9695 8625 9632 2535 873 5351 6267 8541 7409 7727 8734 6585 6948 4471 9232 8401 9297 7103 1180 469 8045 9962 3328 5432 7315 531 6172
31 6808 5354 5903 2933 6275 2394 2797 4465 5935 1671 4857 4130 8821 2404 3889 4365 3971 7231 4498 7495 6158 1110 3374 2340 3163 6076 253 2999 1150 9015 6148
32 9168 816 6935 7116 7185 5138 9184 5760 2175 4588 5074 6188 6914 301 6763 8426 1713 6807 7353 1623 3728 7160 6297 6831 315 2197 4337 5918 3872 1106 5473 1651
28 2586 8394 3903 6410 6554 2154 6902 7561 4953 4388 7036 9771 4504 2720 2408 1176 7150 7557 4207 226 5463 727 4308 2784 6907 3092 824 6055
27 3425 8523 5324 3149 3907 6746 9407 1004 9565 1127 7401 7824 4515 7860 7948 5214 2653 6905 2723 7507 3564 2471 9331 3948 127 9358 2783
32 9888 957 9202 4006 1809 3744 7259 1095 5670 720 5355 1039 2547 3392 4533 3759 4161 7013 7803 7626 9730 8403 6529 1157 6886 3165 2079 1112 9557 7508 5667 282
30 1579 3181 8356 170 4249 6255 4082 7158 630 6559 1871 2595 715 1402 4420 4851 920 8242 7836 8495 7023 5099 5449 3084 6222 9041 5231 9866 1315 3375
27 6424 5673 994 4754 9951 7985 1390 8957 7915 8264 7664 753 7267 6143 1838 9877 9776 8947 748 11 4999 5665 7332 12 8236 2850 694
26 9321 3160 7787 7402 2640 5298 4903 8834 74 4542 6574 6997 5347 7157 8650 3684 6518 3596 7476 1043 4778 201 622 5016 2716 3530
31 4960 482 8440 7798 9735 5783 8328 4117 3254 5071 452 8878 4215 5752 4488 9810 8764 8996 599 6469 122 7444 6579 459 9667 806 7029 6762 1184 5050 6865
30 7643 5336 9756 5263 2965 6779 703 2591 9795 6186 615 3146 3435 1436 1170 8489 7924 4648 9928 7098 2458 1324 3591 3586 2491 634 4936 5787 7997 8816
30 7782 4166 8565 8751 7769 5867 2525 1980 9087 9780 7370 2092 858 6063 4633 8942 2341 4557 1941 3261 9911 7940 8357 9318 4664 1937 4840 2487 2530 9204
27 493 1062 6655 3763 8053 5313 2346 7691 4454 8325 4684 5405 2877 1972 1662 7725 3067 9513 7563 1388 8451 6593 5702 9025 852 4875 5666
31 2209 7047 2335 5109 6102 4144 2801 4734 2892 4641 6715 4822 5291 8939 1642 5962 9935 7673 2229 7003 4719 4861 9516 1949 7389 8456 889 7968 3038 2254 6246
32 934 3860 227 8415 2 8063 229 171 1236 9936 8256 2960 5508 1228 322 3317 3054 2251 2581 9021 7143 9614 2515 6605 1200 9840 9101 4584 8068 6332 5021 5255
29 175 7545 5156 2526 5 3486 6419 2542 5509 3402 5791 7990 1490 2939 9390 7310 4085 5186 3718 7786 1077 9479 7619 3081 6818 2510 3355 4058 1397
29 6423 1130 7439 3518 4165 9937 7526 4003 6630 8318 5890 394 5691 2617 9359 6904 6621 5242 4475 4441 4649 3217 5743 137 7687 5812 2911 936 3642
28 4768 1925 4066 3937 8143 3367 9825 9467 8687 3166 2509 9821 3453 5761 1135 3470 7808 588 7573 9401 3768 29 8965 6920 6303 8268 2901 9941
30 6812 4259 5127 9033 3380 5883 3091 3513 1620 2083 4726 7257 2116 6908 5152 9024 8276 247 1803 959 2089 828 1546 2383 2866 5032 368 4135 6680 2480
27 962 2156 2765 6687 69 8204 3225 771 4341 3892 8899 2724 7242 8329 6078 8480 3884 370 5179 9048 5735 9691 7897 8749 3467 3279 4576
27 7914 8346 1862 2971 2633 2841 1677 1151 1354 9363 2122 3975 8665 4603 3152 7737 2700 9396 4554 410 1586 1869 2812 251 2776 4418 2681
28 2600 5049 61 6407 9627 2609 7880 1541 6215 6711 9839 5096 9216 8855 8066 6591 7556 1047 8217 4162 5357 8973 3397 942 8979 1601 2349 4678
30 9141 9257 6600 1890 6504 4975 6359 7468 8477 6893 8604 5874 5716 9344 7018 2015 9209 6104 5131 8161 6896 4211 867 2240 8252 7289 1347 2308 7804 8799
30 5634 4951 9075 9646 3524 5258 6421 6500 5446 8506 9153 6412 7387 6252 8345 5817 8621 9729 6512 5060 9875 6937 6805 9399 8902 3098 4798 6573 9544 4916
27 5832 4238 5511 6150 2746 8176 2908 7393 3234 1329 3127 2615 1504 9409 7425 7627 2002 543 3712 2248 4459 9563 7801 7174 4254 4329 3232
32 8097 1377 7929 2472 5658 3009 2218 7719 2950 1888 2233 8493 7614 4647 3360 249 4226 8960 56 5212 1720 6476 3776 6777 9226 5576 7600 5173 2311 9164 4962 3116
25 3423 474 7793 336 2736 8820 4887 2439 1836 6795 9126 5578 1948 8109 5477 4106 9480 1649 2449 770 2729 9023 4224 5618 3143
29 6950 688 687 2614 6718 1487 1238 2161 2183 1000 4316 8512 5994 1063 379 5447 5567 3805 285 8016 657 9062 1031 6273 105 621 3734 2807 3876
28 3922 3505 4769 5668 4784 6481 208 9961 9235 383 3912 1304 1096 3078 8844 2465 1102 169 3535 6120 8563 1332 3087 1982 752 4105 7470 9918
25 1587 6190 7724 9076 504 4137 3802 3794 9007 1796 143 1482 2060 5409 5924 112 8321 3569 3617 6144 3994 6141 448 8092 869
25 8946 3632 8568 839 3855 9625 8239 250 6522 848 6697 5803 2817 1439 6628 2113 8571 5087 317 7048 1287 8987 3652 6235 6835
29 577 7720 1067 4926 9241 5916 8828 925 8309 3508 8035 6006 958 8837 8291 9944 7716 1534 4409 2109 7868 5515 5110 172 1916 6269 4364 4184 2980
34 1808 6154 528 3295 3391 2024 1131 4486 4550 4483 7745 2068 2076 8611 9490 4617 2237 2151 6079 8336 8208 5979 4234 7250 4651 7754 3450 9576 3938 7746 8516 1010 7270 3422
22 13 1568 6671 3051 3735 3417 7872 9267 5440 997 428 8422 6453 1763 6695 4886 7434 9849 4877 8077 5481 5178
29 4804 3265 596 4660 7279 3836 5360 902 5168 3340 995 9575 3434 3290 8666 1719 14 297 7999 8839 6140 4225 9305 9623 8112 2533 6169 2895 9700
25 8078 2785 7581 6073 4788 7598 8700 5687 8573 2080 8149 8597 8999 5003 2988 9237 488 4537 9523 7164 3816 6217 3106 537 7774
30 4904 328 9361 3476 60 1795 4677 6703 6859 6817 2415 893 8284 5024 5451 8842 6156 8283 2485 8534 4372 2580 6219 7372 1153 4039 3930 5870 9650 2217
28 9601 9336 7380 780 3443 5201 8874 391 5064 6018 2811 8630 5732 2278 2181 9726 9897 8822 6641 3980 1900 4008 7166 3993 4353 283 470 5107
27 9714 6021 2813 477 2519 6299 5637 7483 431 6385 1643 9092 8686 4343 9681 2466 4094 9801 6373 269 5624 1583 3614 2054 7319 819 5193
25 3060 8017 6889 1907 6280 3587 8588 1118 7484 3035 1724 9068 6892 6670 5287 8757 608 162 2597 6260 1834 1115 4735 2594 1212
25 8849 750 5740 3682 9806 4636 1282 6393 4931 6690 9502 2685 9464 1358 4776 2292 7283 6604 2641 1481 8772 7544 7726 2099 2103
27 3709 1348 2205 6032 397 2531 7359 1259 9420 2943 9689 6145 6471 6611 7823 7225 246 6468 7954 885 9036 6103 948 6495 7002 9645 7652
29 3592 7448 3701 9382 2747 8756 473 5822 7812 2646 4941 9664 3812 2739 5943 101 6124 6739 5708 7797 1438 767 5437 2991 9710 5633 9869 8640 7641
26 3766 5532 7253 3291 6657 7369 2601 1007 3603 2153 1091 6060 9672 9666 7564 9140 5810 9144 7095 6852 8576 737 3522 3589 8151 6625
29 3249 523 1751 6623 1600 738 7464 851 4938 7835 3631 9809 8115 6399 3028 7130 9326 5978 2216 6193 2958 1381 6517 2285 1930 5344 8928 1653 7162
28 1574 4805 5564 2557 6003 3322 375 2569 9121 2409 1194 5119 7209 2590 5828 3065 2982 5627 3222 9783 9016 6019 8852 2427 3687 4682 8353 3769
31 3873 548 598 6292 163 8006 1368 1882 4630 5976 2552 4201 8106 2004 8675 9931 5095 4109 1848 5123 9641 6949 3964 4709 7293 8729 8777 8803 5712 8240 447
28 2139 49 8833 3997 6286 8517 4025 1971 9090 1166 710 3585 4351 9421 6180 1117 2133 591 9125 921 3699 4741 5549 501 491 2386 9873 7264
24 9014 8653 8829 9397 610 5176 2009 2986 7213 799 700 6403 9567 8233 6064 97 7497 7818 7301 3752 9759 2712 7934 5065
29 4466 159 2330 417 3932 2353 5542 1750 6470 9059 3427 8123 4579 2188 4667 7312 4761 6220 5239 2564 500 8 4154 1570 2638 3727 8416 8062 7341
31 3387 1271 4870 9459 9408 7773 8417 3281 3037 8812 7046 9482 8446 1870 3220 4855 9616 7172 6758 1702 5745 2438 3691 9364 7306 9020 4571 6490 2968 9555 3595
29 4322 9858 810 3316 5448 7408 6643 9394 9619 7142 8322 2243 5550 8967 4132 5993 57 9823 7285 2871 8342 6602 735 9074 2422 940 5161 6947 582
26 1572 7006 2858 434 35 5010 4527 9562 7429 4425 4583 4637 7681 4946 7208 6803 4663 9945 2336 2434 8708 9244 5092 9330 5410 900
28 4141 3104 9764 6294 4937 5999 571 1293 4273 9078 4577 384 8455 387 924 9389 6380 2364 7591 8496 4022 7562 50 6465 978 47 2786 4087
27 526 4797 8431 1407 3036 6622 1009 8398 110 9029 2033 2424 9796 904 1336 4261 7640 2733 1513 2443 6659 4228 3354 9293 5375 7947 496
30 8044 6245 7026 9678 5901 5353 1440 9182 252 6860 6037 560 2548 7785 9116 9233 8490 7184 4970 7218 7141 8098 4245 2566 2612 4270 7858 6203 9991 4747
28 6229 7606 5721 5965 3410 9462 5223 800 5407 5322 5397 3484 7188 2017 7112 3401 3180 3837 6792 3433 9711 5992 1782 8075 1454 3979 5551 6576
26 1711 8903 1275 7976 3783 4282 2674 9851 9178 8943 9793 5701 1701 7035 3616 6786 4610 5631 3357 8382 8427 8811 5402 1629 4097 2630
27 7245 7708 4151 8237 8924 9571 2680 9883 7268 2502 7663 4713 1070 2077 5790 8497 9901 2676 7454 8010 5599 1716 1404 1288 5845 836 7348
25 701 8080 6231 1239 8651 4387 5390 168 1668 5533 9081 95 9668 1488 985 7433 154 8361 7904 8408 6289 2618 2105 6404 2925
24 8099 929 5889 1779 5713 4795 6752 8154 2001 219 546 8558 6044 3250 8095 4118 6957 5902 1374 8685 6717 1464 578 4915
31 295 626 7335 6092 2048 1380 9223 5376 3520 5570 1132 6276 7455 9812 6590 1747 9448 2979 5479 4404 6314 1984 1463 8229 4000 4468 7505 9208 9586 4516 7796
29 3216 4765 5195 4607 5224 4948 9183 2142 3388 230 9917 8008 5974 6749 3920 8780 1456 1224 2929 4987 3485 4854 3749 9377 3940 6074 4235 1635 7368
31 3155 5209 5247 2396 6822 1521 3040 8001 6584 9308 1248 4431 3846 609 1774 9712 6644 6353 5272 3263 4920 6101 5155 8690 1509 4026 8487 4923 7655 7722 1648
32 8995 9826 4169 3302 5566 5151 221 572 7768 9350 3243 6344 5904 8917 4401 8413 6182 1530 4845 5614 4035 508 847 8301 3658 9602 8929 2976 731 2904 6240 9932
26 746 8546 5934 4957 6815 8442 8737 4385 9870 4229 83 8956 7104 8601 6968 5957 9929 3475 4233 5025 1989 8622 8146 3664 1727 8314
29 6392 3929 2890 4068 1835 8530 2395 8958 174 6472 3565 5329 4992 3034 7546 8843 3754 2164 7732 5094 3843 346 4210 3559 640 7738 2306 4714 6663
27 2672 7609 6640 9352 1429 3755 8410 5506 111 2373 7007 1308 9598 4509 613 2792 3088 6087 8767 4333 988 4485 9813 7156 8682 3504 7917
29 1408 1491 7421 2940 8464 6753 1198 1012 3647 2230 5175 6927 6581 7404 6114 8814 178 559 4750 6396 2026 7963 2455 3002 1576 240 1540 1990 3517
26 6975 5031 2343 7974 6551 2541 3429 5045 8552 2842 664 5746 2425 5816 4711 1663 5824 5120 7713 9778 1385 7246 4526 1690 7996 969
32 78 7216 1140 5751 7020 7519 5423 1575 6389 2331 3532 8013 4021 8332 2032 2475 1567 6492 6417 7684 6127 7780 5656 4744 3593 9536 5615 9143 2848 7123 9782 1508
28 4189 6062 9584 4214 6563 1794 1854 1420 7045 4945 2610 109 4382 1553 866 6100 6629 4815 4868 8626 6243 7193 3070 7595 1361 7843 2431 6614
26 8980 6890 7636 3762 215 589 1770 8000 9254 6531 1749 1960 8963 1452 5767 512 6106 6039 4863 3189 3739 5250 3045 3138 4345 2661
29 5014 5583 3396 1267 2137 5166 216 1344 7993 9737 5297 1163 5830 8278 680 6895 5270 4727 6315 3539 3965 6536 8126 1527 8770 6442 6264 4901 2107
25 3516 9037 3005 338 4313 3573 530 565 1908 4914 2675 4448 1416 6714 650 864 3736 5623 3627 8393 6745 4688 3653 321 1778
31 1813 5069 1704 3099 5680 7952 6985 8285 4621 3780 2281 3989 7068 4612 2534 213 9469 5252 5340 8379 2861 9578 3823 217 7480 7074 5728 7807 6305 7654 6091
29 3363 6257 9743 1205 2252 5949 7728 3741 4193 4888 4818 8769 9010 1621 2193 5731 9717 9534 3371 3976 658 2742 4848 9637 2862 7731 6883 2915 3870
31 8786 9441 7475 2384 6922 8594 1804 7800 5312 6572 70 7776 4375 8038 6846 7909 255 6759 1523 6691 8101 876 372 7644 4927 3779 3583 6161 9452 3748 1911
31 8057 8404 9747 9755 1554 5574 2221 7944 5875 2728 1895 5434 4898 3606 6882 5259 9299 3662 3473 8367 8056 348 7325 151 9680 1790 4884 1316 7107 2008 4956
28 4115 3656 5815 4248 2298 4745 1525 6233 8988 4140 5699 2780 1721 9455 4335 3869 8259 5103 1970 7959 5866 9859 4255 1957 8695 860 4643 5638
33 4935 4060 8934 5483 3582 2085 9258 9242 6634 5177 8249 5133 718 8335 6272 1885 3786 1536 1225 2271 9611 8705 272 7204 293 3995 9301 9924 2927 4532 3349 1678 5470
30 5062 8607 1512 5149 6664 3612 7383 5102 9055 9864 9186 2511 6800 2370 7288 2546 2568 6466 9266 6020 8069 5328 296 7220 7457 3649 3207 7089 7885 7234
28 9111 8121 3339 479 6445 304 3703 675 3420 1602 2071 4782 5108 1103 9047 1195 2899 6964 4508 4121 2896 4061 3015 8164 7856 4422 3868 9895
28 1965 5262 3698 850 291 8910 1322 6361 5084 1226 5811 2066 3390 4723 2741 2757 1950 6494 6967 2127 2159 9086 6661 3493 9828 4592 2380 9847
30 4852 3720 9957 405 5134 9640 3667 7541 9310 9885 620 5382 2857 115 3003 3463 2108 5899 6443 7446 5788 9449 298 5017 4984 5780 8792 4063 9770 6207
26 3042 4392 6857 8130 158 3669 7866 794 8649 4785 7645 2044 8255 5718 7779 3891 672 4102 4620 9193 1947 7810 1820 8743 6561 9212
28 4052 9136 6864 4622 6379 3858 5496 2760 7334 1618 5162 6945 6448 5842 6977 8847 1611 2362 9843 4810 2655 8104 2694 3998 7152 6667 120 4866
24 9925 2863 4994 3044 8613 1515 8201 3625 9531 1872 569 6010 1352 9483 9066 6946 2690 8674 7971 4536 783 464 3173 1363
30 1048 4989 2152 3694 779 1264 4867 3541 2158 5838 51 5327 8824 5063 2984 4072 6119 3068 6863 8800 6043 5626 3726 2199 7342 1543 9045 9573 265 647
23 654 3076 1359 130 5117 2468 3272 1098 8623 3315 9309 1636 5648 1931 8537 6035 7170 9519 9348 4108 1209 4695 7165
33 4065 1942 3681 9606 2860 4018 4530 3297 4758 194 8067 9497 9158 8020 9844 4779 7102 9011 4893 884 4305 7403 8163 6281 9034 9766 9934 4380 9767 4257 5928 2367 4361
29 4182 446 7986 8072 3537 740 8679 2064 9317 9760 8538 6024 2903 2981 815 9757 8975 3820 3253 5047 9574 9146 267 1966 695 7972 8081 8744 6804
29 9861 2954 3172 1560 4587 53 4015 9975 9990 6236 4055 4262 2928 2314 7962 7075 982 4538 5422 1563 3140 2575 3996 5101 2819 581 9080 1655 9018
31 3145 2820 3169 3867 9268 3881 5188 1414 3326 6312 6708 300 6368 7247 9217 2837 1173 5295 5733 4405 562 2222 8853 2294 9291 1281 1474 1939 8060 7631 362
33 4661 5679 9246 5846 3598 2140 3411 4718 2673 5157 9107 5343 409 5070 9728 5352 6082 603 6483 234 254 3576 8866 1246 4023 3089 5364 5518 2778 3988 8784 849 3386
31 9340 2163 2607 4773 9956 2767 3764 6485 7087 4307 5301 1683 7037 7377 2948 5332 1458 6530 5541 9647 1903 6685 4928 1296 3309 2529 3023 8363 6377 7422 8670
26 9189 2793 7611 1499 4126 9329 1302 3069 9720 6191 4873 2389 6174 693 5652 1632 6965 6505 1084 6923 1311 6011 6052 9829 3403 2338
31 9435 9942 3575 9884 6262 6464 541 8518 1693 594 8159 9249 8989 9434 1451 7431 4080 193 263 6009 414 5038 759 945 1755 3538 3655 181 5734 371 5002
29 152 6931 34 6155 9190 8500 1121 8794 5000 7846 6829 4160 3477 4373 274 9197 1876 6924 7210 248 1201 329 9102 9063 7486 6251 5747 5257 6588
28 5057 6152 4 404 5148 8992 5052 2322 6162 8262 4489 8153 3982 4294 1936 1552 7630 4740 9998 6589 5544 7530 10 1718 4619 4895 9580 1665
28 7427 8896 4458 1049 919 7375 6395 5053 8652 5480 6813 3721 922 3828 9290 3301 4112 9426 2492 2974 4253 6455 1019 8567 77 573 9615 6952
32 602 2803 3693 3519 2145 4400 4933 4005 4309 4044 1207 4281 8857 3635 2682 9923 2300 2447 3231 4853 3690 4513 6894 7749 8923 2503 4850 6317 8823 6784 2556 4188
31 42 1712 2228 8697 5868 4597 3644 5274 2832 3683 2689 7743 6185 8213 5420 2833 9411 3400 3885 646 9017 6958 1065 6568 3221 7659 1786 3760 7861 7608 75
25 6197 7343 1909 3536 8615 3118 8093 9745 4190 6256 5694 9179 989 3853 7578 5986 9199 3793 142 1372 4721 9112 8830 6496 7533
31 4760 7794 6992 3501 3679 4279 3620 8966 6566 8790 5424 9583 7916 5879 1092 7275 9952 8691 2551 3963 4838 9981 8303 5625 6477 1086 9524 8846 8011 5372 8402
27 2378 3492 8205 3911 9636 684 8791 7390 9127 6354 8507 6337 6345 3692 4934 3602 6387 1252 9341 5785 9539 6478 2779 426 1550 1522 4275
27 5046 4543 8678 5653 9304 1123 6912 4251 1433 2799 2867 2826 3893 1879 643 6837 8133 5385 6232 9512 7303 4012 8219 2737 9607 3071 960
30 7633 3782 7230 4739 8711 3348 1839 4889 4833 741 2825 9370 6457 4199 5519 3129 3013 5841 7632 4991 763 6401 139 7736 5792 9167 5294 9347 2213 9768
28 445 9740 8835 4535 5181 3267 6036 8076 8914 5105 4432 7651 7400 5661 3456 5015 4862 2949 3004 7710 1733 1159 3862 9176 5677 6761 624 7887
28 9371 553 5207 663 3412 2574 5457 5862 790 7039 8437 6378 4371 6282 7385 8667 1710 4187 9946 9137 9926 7895 218 9633 8978 7399 6133 2894
34 3590 5756 7395 9787 8890 1715 9761 6731 4694 5802 8055 360 7863 8605 5265 557 6414 3073 8210 4164 4056 4464 1334 2461 9369 3578 8527 9805 439 8539 2215 9410 2611 4644
27 660 9992 4415 5066 8991 2745 7927 5523 2320 4168 1988 8976 9303 8015 3495 4549 2309 5034 1722 3115 7933 2282 4510 8712 4872 2291 9192
25 4473 7205 2795 736 5860 2644 6057 5769 3229 5501 3055 3685 5820 7757 8087 7410 9701 913 7451 9108 4020 769 2789 119 8265
23 4071 6796 3373 7679 956 8349 1730 7847 1395 3356 6719 48 9355 5958 5755 7994 1591 7211 1699 6139 692 9423 8180
36 5552 7735 9166 8841 2752 8277 6710 3917 7896 6793 9084 5012 1233 7706 527 6388 9763 4368 5202 6451 3599 7932 211 7083 5858 3935 2317 8127 8742 6248 3859 3547 3168 3421 3857 6065
29 7828 7781 3119 1040 487 9416 5797 8620 8741 9554 4640 3887 9634 8260 9871 5306 99 9507 4027 6939 7832 9920 1775 3053 3688 7705 5526 1739 5208
29 3236 9440 8977 8074 5456 4628 7349 1609 3280 9368 7108 6780 4601 9501 3806 6692 623 5485 1502 5468 8091 7224 826 4038 6324 3289 3308 5621 1185
26 7662 1312 9039 1756 5796 3090 3018 9970 3743 9332 7560 9367 7493 3211 5662 8310 2997 7634 7862 3577 2063 6832 8376 5678 7049 2451
24 7937 3503 961 1152 4096 2096 5235 6824 4520 9750 4430 6176 1294 1706 5590 5248 1073 5676 1443 9905 566 556 8470 7899
30 1109 9538 1746 2554 667 9454 8320 6826 6747 6675 4997 1516 6033 7935 8435 4074 361 5154 1581 3621 6558 5338 136 8467 9374 8058 2627 390 1473 977
25 1472 7855 5492 4802 5182 8266 513 9880 4083 2100 8222 5808 369 903 2070 2453 8600 2210 3426 1108 9978 4138 843 6435 7010
29 570 9117 6635 5116 6027 3830 9675 6847 9281 7243 7009 9060 611 8221 887 524 1748 7685 668 9657 1447 8520 2478 7677 4683 4685 5033 3634 4977
28 7576 4766 7496 8566 5520 7180 5126 4514 7299 2238 484 6473 833 4823 5834 5219 7088 2882 9653 6827 7956 8449 2751 6327 4437 4111 6179 3227
25 5465 8983 9732 8699 6278 2770 4566 5763 8122 39 2121 198 1382 5982 1495 8041 4301 5933 8738 9620 2203 3041 5276 1627 6051
27 2993 2198 498 4455 1016 1283 9546 3203 4521 5821 1307 4163 4844 4952 2276 8925 8883 4669 9103 8138 4876 1478 8188 5342 2938 796 7322
27 1641 7704 8432 2459 9899 6580 760 1603 5843 2651 7802 1215 3132 3888 2549 5487 1366 5288 3788 7686 2934 9004 8845 2481 2134 4659 7364
26 3902 3756 5130 3921 1926 3164 3205 8645 9289 7869 7925 648 6238 3136 5122 8373 9262 4763 6004 8021 6467 8556 455 2537 3958 7153
28 1466 9960 9688 7864 4966 7442 1659 489 5863 3480 5183 5028 8047 5137 6811 4011 6433 6768 2460 6555 3133 1328 6431 9947 9731 2456 2155 7527
24 8551 2496 552 7323 9974 7361 1149 3500 8511 5169 644 3488 1262 6502 318 6334 6343 9083 7821 1859 4908 205 2781 8805
27 8090 5030 9727 3899 460 8765 7110 7227 943 4204 4383 1744 7919 3983 1511 9683 1578 6900 2932 8430 7197 3224 121 6722 6498 8216 8909
29 4753 5041 2482 4186 7667 4076 7441 3185 9425 4885 5238 2040 2900 7388 8254 5026 7829 6760 7550 2486 2162 7490 9476 8559 8658 3218 4268 4419 5885
30 9488 7235 4808 8503 3201 4910 8439 3283 4858 117 2846 4728 3490 2124 5905 1406 264 494 4310 9587 7783 2180 8136 5380 4666 5196 2670 5915 946 2634
26 207 1670 5898 4917 4123 3151 6764 8289 7122 686 1126 8137 7167 3886 618 1656 1006 8809 9181 5408 8241 415 451 3366 8768 9784
27 9215 8730 8339 9129 4084 2358 7891 8004 6856 6287 5768 7949 1223 7778 9624 2420 8459 5722 9225 7154 486 4517 6901 4274 7004 6164 9138
27 7148 5503 5345 4311 15 8913 8463 1326 2030 1182 9906 3771 2944 7953 3753 1673 1654 307 3916 4675 8633 6201 4411 8731 2031 3829 5453
33 138 1060 665 5333 421 4286 1681 795 232 3001 320 2310 8441 7078 9270 1792 7522 2656 406 6375 9876 6048 5825 4879 5362 433 3624 809 2269 3406 788 8479 8465
26 558 4759 5153 2195 555 3100 7931 8215 5281 3622 2463 855 5727 2708 8972 7912 8491 2639 772 3738 8557 5180 2626 7192 5698 2296
32 1386 1896 8227 8778 1448 9773 8375 2782 1222 5163 8627 3678 5781 4284 3629 6684 5220 5540 6384 52 5980 9171 9132 712 1669 6688 1305 6503 6821 6626 1773 6906
33 9988 7946 5938 5128 4480 7232 4053 3722 8865 941 6535 4792 8245 2178 6115 2390 3944 2704 367 2714 8333 7813 1338 7262 2827 2543 7465 4296 3841 4366 1181 6969 8631
32 9543 8657 2005 5534 6313 3847 456 3489 2274 9339 7374 2647 8616 8938 1929 1847 5947 2369 270 7514 2307 5640 1101 5141 5649 6838 7280 4981 3226 9995 5204 9958
25 666 6770 2693 9130 2930 5303 6866 2132 7336 8448 1280 7739 7758 3574 6689 9518 3342 4731 1455 6080 399 7477 7050 1211 3080
26 5777 9460 8927 2012 5696 2873 6616 1299 2679 8728 1206 2355 2171 2845 9673 4596 8671 9597 3223 3294 5184 262 2501 41 4963 6090
27 2265 5241 6402 9772 7239 9439 2470 5090 878 9466 5450 2348 4258 5692 3252 8354 2621 6420 7987 5158 8247 6654 7090 7789 9100 4871 4964
32 4398 7030 7115 2037 2144 3610 9485 2762 5587 6296 8253 6976 7588 3514 1054 1606 241 9706 5630 8795 3296 897 7501 1500 1857 3351 8981 4600 6094 1313 6587 3021
29 4764 3534 2350 2479 3347 883 3212 597 7536 5124 5290 5664 1188 9595 1351 755 5799 1394 6458 4816 2476 5011 6986 2953 3120 1738 2267 2659 6627
31 3511 6497 3878 457 1964 9484 970 2499 3784 465 1867 4565 2416 3695 1968 6450 5299 7236 6724 5415 9746 1987 7085 366 5922 4463 6569 7923 6776 6271 5987
24 2823 3209 612 3128 6474 3455 3122 9406 4017 3379 7906 3454 123 8762 6170 5399 967 9357 2579 1877 8916 4890 5991 519
31 9282 8468 6461 4122 2305 2003 3733 6322 3318 7379 670 9375 9012 4344 6809 5132 7012 1819 4883 4244 1789 3408 3031 4439 1902 1337 44 9148 5543 7938 973
27 601 8267 6463 7969 6973 2013 7149 9725 9393 7291 4443 3416 2759 1664 6439 2290 8198 1582 1335 5814 4242 5657 7281 3710 3457 3008 4978
25 3153 7251 1398 5525 9489 5759 3654 3675 257 6648 3415 7346 5577 8461 7217 6678 1561 5203 898 7287 4042 6988 9064 2249 7063
27 671 4303 9913 7031 8710 9200 6681 1740 8933 2403 3481 972 4032 7258 58 4113 4492 9551 165 6259 1041 2074 7524 3946 8374 1345 5273
23 9155 5388 702 6363 2135 1689 2961 3304 5514 1493 2998 1046 2130 2407 9162 1164 1979 6066 6534 6068 8270 2879 7820
27 2636 8128 1125 7173 9702 7084 5020 1923 6099 8718 4642 888 4652 2924 6674 5292 8378 1413 4470 7314 4269 8411 2025 6308 4827 2957 6279
31 4077 476 9131 5400 2166 8766 2838 4452 3156 9056 5647 4047 8907 1489 430 9207 8140 3927 1169 801 6875 5078 1384 4755 5243 5300 9953 192 8225 1793 63
32 8453 6227 8183 5917 8733 4697 9585 6244 6978 8042 4334 2397 4906 9222 8341 7499 1973 8420 1565 3282 4982 8280 5452 857 9865 5391 6311 2959 6737 7747 1921 697
35 6845 8406 9791 3950 6620 5226 9096 1076 4278 9272 5302 685 6328 4110 3835 9993 2412 2262 2019 7099 3978 7700 4656 17 454 4208 9061 2392 4336 2214 2749 7852 6842 2561 1637
27 8561 7590 2711 5865 7867 2775 9989 2289 5366 1074 4869 6454 4376 4218 8148 1613 9896 9758 3052 8064 8173 5709 1277 717 8100 4708 9643
27 993 7511 7309 8400 4824 1505 2279 3300 1679 8358 4921 9855 4985 2165 4578 2185 5956 5672 3973 7814 9206 823 5946 9032 9642 2809 7756
31 9872 1030 8297 2042 8906 813 1784 9495 789 4363 7407 7423 7958 1405 8352 3441 6743 8051 2821 4645 507 8313 6199 5165 579 9608 2883 5805 8891 696 9724
25 9742 6982 8447 3385 5461 7177 5051 1217 7028 266 3546 8191 8775 5972 7307 6698 7750 7093 1058 3509 5719 7523 20 3404 8964
24 4974 910 1278 9520 1674 9986 6409 9973 8808 1168 3494 1003 7058 9424 5775 9295 7064 827 6501 5575 2498 1891 845 9346
33 8724 1204 5475 4091 6699 879 6618 9892 6300 6230 6138 76 7118 844 1122 7622 5484 8155 2173 5043 1624 9114 5217 5981 1017 2376 9886 7463 1295 7772 6955 9481 9510
28 2452 9248 5213 9042 3953 5945 2375 2613 2457 8689 9908 9979 5611 7792 6426 1894 2888 7898 9553 100 7874 6383 7113 8287 6077 9353 2067 4625
30 9890 8085 1734 5129 6459 721 6452 1592 6274 4457 9274 5068 7091 4564 2014 210 6365 7081 8107 8429 5891 7 1687 3947 6858 1981 4680 1991 2587 7577
32 3123 8386 2876 7890 9123 3557 4304 3019 939 8478 141 1676 7352 5998 3926 2800 7276 5378 9040 7189 2839 2941 8997 4499 8570 5807 3750 3438 4222 3057 6656 4605
31 724 5454 3611 3833 2874 2914 2036 4069 5850 8553 8460 356 3670 4379 5913 9043 6226 7888 4299 4618 853 4849 9605 9201 7396 9679 5256 4674 2532 9838 4821
29 7901 1833 8504 1113 2599 785 6794 1229 7981 1427 2725 7873 55 2657 2225 6841 1736 6288 1823 3915 5494 6089 7263 6541 9950 509 6159 6843 5723
29 7883 4088 4067 3898 9147 5693 8178 841 363 392 3986 3191 5289 4410 6134 183 3641 6400 1426 2750 5893 1814 2856 6769 3369 9698 4699 8514 9914
26 3815 9868 450 5462 1608 7176 4553 7347 6295 7135 6672 1754 6993 7321 1517 2593 3960 4133 7945 2374 2160 5582 8061 2371 9154 2423
35 7256 6791 5939 2332 1192 896 1597 2352 5580 185 3904 3192 468 2629 7059 7308 3502 1498 3063 9547 9630 1537 536 1213 4786 4972 8612 2880 5607 3022 6981 2667 2828 145 5029
30 3256 2351 3264 8261 6767 6766 515 6519 3439 4185 5023 8391 6651 3124 9250 8796 3677 4328 3113 3327 72 3900 3526 6723 7902 661 1396 8574 722 2507
28 6638 9157 5942 7219 7161 9669 8937 5396 9660 5597 9110 8889 1303 5848 6721 9996 1887 6527 9337 6285 8181 9638 6560 8554 4615 547 7537 2436
29 5500 7569 6117 3306 9120 7603 8714 682 80 7024 3176 3330 4732 6951 9160 3646 4148 2206 4496 2663 8608 6549 9775 6108 4326 4407 9765 1697 9600
24 7822 3452 2756 931 7607 5512 987 3228 911 6508 2632 96 3359 444 7635 2662 2787 9468 7714 8197 9894 870 5044 1445
32 8315 8961 5555 540 9621 1985 1913 2677 8526 9781 6329 2558 1526 1460 2577 3251 1401 7146 6438 3419 5498 6938 9005 6132 6662 9661 859 3311 103 8774 1001 6441
26 9696 8232 1807 6234 2664 2018 2021 9376 868 822 1920 6298 1771 9381 7155 744 2402 5697 7535 6126 6909 8994 6059 9916 3159 6806
24 8407 8207 281 9980 1612 8569 3158 9889 8214 7345 3147 1314 6338 834 268 6839 1940 5414 5710 2545 7583 5275 3918 2494
31 6891 7297 9591 128 2570 4560 1441 6446 9491 5369 3130 5584 4988 6954 3705 8475 2287 2043 7889 4103 6110 2696 6070 4342 2250 4608 6028 1255 3202 5635 3107
25 9284 9288 4433 7191 2912 7870 190 1081 4774 1935 4092 5118 5198 8355 7615 7676 7624 19 3789 6109 2865 7019 7617 617 6173
27 4469 9328 68 7579 5005 768 5742 2722 7190 4657 7432 237 4743 5839 2527 6376 9077 1033 4860 5469 7145 5019 2978 8203 5936 5489 5216
28 2652 3665 8434 2418 3278 9907 8381 9133 5900 7330 8505 8350 7612 5379 2695 2200 8171 2344 3077 3395 160 3713 2104 7125 5215 2985 6537 7414
27 8709 1556 4099 7723 7203 5435 9461 4900 2989 1564 4223 5497 2743 3344 3047 5199 5495 9521 7266 1155 2117 963 3706 1812 2189 4256 5707
27 9814 9594 4447 5973 968 8471 3479 3984 8005 1555 1692 9412 8296 7300 2354 9091 6075 5642 5741 4572 3933 1497 4155 6577 6266 9697 6405
26 4801 5233 1148 8885 6509 9963 2258 9540 8263 5704 6171 6224 5689 1661 1616 8414 8396 8271 5750 3497 1922 2421 2302 5232 8596 7854
28 1187 3384 5914 8547 1465 2058 3079 3182 9939 5700 8206 1709 2382 305 5565 299 3325 6775 9239 6349 757 9433 7228 7354 6356 4820 4965 7936
30 1577 5886 1520 1210 9027 1994 9533 5556 1657 8641 8476 4002 3819 3700 1353 5730 2727 3193 5989 3790 9386 4029 932 8510 1728 5809 677 4954 1399 8387
27 5798 5245 9079 3696 5682 2391 5439 290 2062 1319 6025 4180 1461 5373 1272 4125 398 5853 438 5754 8474 6040 5261 5559 2493 341 9969
27 6669 554 1021 5115 6493 3757 9708 674 7671 619 6210 5579 5073 245 2692 8425 326 8525 9269 6342 374 6339 7730 2834 9474 7424 5738
26 6330 2191 27 6578 8872 7381 319 8793 5474 6069 3262 9654 9365 3026 3287 716 774 6270 765 2190 6911 5996 1333 24 9161 1766
25 3233 5008 4170 7699 6444 8250 930 2337 6666 6707 4100 4295 1261 6362 514 6045 6247 2816 4558 6583 2990 8165 2544 9188 6422
30 8595 1893 271 8438 7543 309 343 8111 4221 1725 8974 2078 4582 865 7701 1068 4378 733 649 9846 1757 7825 2035 7913 4484 1633 8810 1105 3840 7178
29 9211 3628 8286 9930 462 5990 7621 5639 2788 9442 4958 8877 2148 3199 838 4551 8882 635 1469 9674 8300 6984 6700 7269 4968 3424 6929 516 224
27 4616 5595 1417 9816 949 2637 1865 8638 3313 7939 3174 8826 9824 8787 4434 1 4609 355 6333 8676 9496 8326 312 3208 1393 4762 6142
34 7760 1539 3533 1842 5077 9073 5598 8584 435 7748 7580 576 8602 2255 907 777 4417 9959 7044 4756 2327 4482 2602 3394 6196 6316 8802 7616 5937 587 6397 7729 9388 8307
28 804 7759 2086 8740 5669 9019 6790 653 745 9240 3777 1849 1069 3134 7001 5786 9734 8029 2246 46 5888 6917 5776 4905 1279 4412 6189 7194
25 2417 4503 5185 4200 147 2771 4174 1889 6460 1761 751 3108 3213 4800 2087 2192 9234 6194 423 8169 9069 8117 8272 7817 2016
24 7995 1339 6168 9322 5082 5433 6218 9798 5121 2474 954 2372 3458 3109 2174 9298 5143 9013 4624 2177 1682 6325 8918 4690
33 8644 3827 1816 6936 659 5724 4355 2853 6553 7693 8912 1269 9548 3798 2859 781 3446 4157 3897 7437 2045 829 2688 6095 3307 4569 3729 4746 6041 8070 7474 7806 8629
25 6603 3471 6778 82 3671 6205 4315 9220 7703 1189 373 3548 8390 7114 4230 4340 3046 1480 2898 6934 5715 2393 3157 287 233
31 5160 3968 7529 6765 9790 4703 8235 6750 3925 4101 8721 6735 6741 278 6930 2658 6326 1640 6394 6913 6694 4209 7857 1974 2721 7991 1486 7214 1503 2157 2388
31 2146 9445 3856 7752 4152 7016 236 7054 4048 9044 4500 1837 8294 8536 5080 4925 628 9800 1409 3409 6223 4780 1343 4024 1232 9486 8788 2571 8228 3633 1199
23 8372 1788 7552 4717 1442 7406 2334 3299 3341 3774 3110 5488 8007 8759 1828 2975 347 1318 5009 1254 9579 1350 9556
27 1753 7918 6961 1737 6876 9494 9380 4289 2955 5964 9311 5804 9852 3319 1265 3638 8113 4626 7137 9379 4150 1800 2094 9927 5729 3472 8618
28 7324 3027 2169 593 6123 2450 5887 6163 8150 6609 7753 3834 7072 713 2508 4522 5806 4654 2726 7067 5089 8202 25 6360 2119 561 6149 6413
26 8698 4494 5952 8481 9378 9752 9721 5596 7163 1883 3742 3298 9278 2114 9002 6706 8529 6712 6195 4668 9834 3572 6022 6153 2907 2406
